Waiting for device:
Listening:
[K530_BT] SPI0 IRQ count = 4120 (╨Э╨Х ╨а╨Р╨б╨в╨Б╨в тАФ ╨┐╤А╨╛╨▓╨╡╤А╤М╤В╨╡ ╨┐╨╕╨╜╤Л/NVIC/╤В╨░╨║╤В╨╕╤А╨╛╨▓╨░╨╜╨╕╨╡, ╤Б╨╝. ╤А╨░╨╖╨┤╨╡╨╗ 5╨С)
[K530_BT] BT toggle = OFF, host_slot = 3
[K530_BT] SPI0 IRQ count = 4120 (╨Э╨Х ╨а╨Р╨б╨в╨Б╨в тАФ ╨┐╤А╨╛╨▓╨╡╤А╤М╤В╨╡ ╨┐╨╕╨╜╤Л/NVIC/╤В╨░╨║╤В╨╕╤А╨╛╨▓╨░╨╜╨╕╨╡, ╤Б╨╝. ╤А╨░╨╖╨┤╨╡╨╗ 5╨С)
[K530_BT] BT toggle = OFF, host_slot = 3
[K530_BT] WINDOW32: 00 00 00 00 00 00 0D 00 00 00 0D 00 00 00 00 00 00 00 00 00 00 00 00 00 00 00 00 00 00 00 00 0D
[K530_BT] RAW stream (64 bytes, no framing): 20 A7 00 00 00 03 FF 00 64 00 00 00 00 00 00 00 00 00 00 00 00 00 00 00 00 00 00 00 00 00 00 00 00 00 00 00 00 00 00 0D 20 A7 00 00 00 03 FF 00 64 00 00 00 00 00 00 00 00 00 00 00 00 00 00 00
[K530_BT] WINDOW32: 00 00 00 00 00 00 0D 00 00 00 00 00 00 00 00 00 00 00 00 00 00 00 00 00 00 00 00 00 00 00 00 0D
[K530_BT] SPI0 IRQ count = 4200 (╤А╨░╤Б╤В╤С╤В тАФ ╨┐╨╡╤А╨╕╤Д╨╡╤А╨╕╤П ╨▓╨╕╨┤╨╕╤В ╨║╨╗╨╛╨║╨╕ ╨╛╤В BT-╨╝╨╛╨┤╤Г╨╗╤П)
[K530_BT] BT toggle = OFF, host_slot = 3
[K530_BT] WINDOW32: 00 00 00 00 00 00 00 00 00 00 0D 00 00 00 00 00 00 00 00 00 00 00 00 00 00 00 00 00 00 00 00 0D
[K530_BT] RAW stream (64 bytes, no framing): 20 A7 00 00 00 03 FF 00 64 00 00 00 00 00 00 00 00 00 00 00 00 00 00 00 00 00 00 00 00 00 00 00 00 00 00 00 00 00 00 0D 20 A7 00 00 00 03 FF 00 64 00 00 00 00 00 00 00 00 00 00 00 00 00 00 00
[K530_BT] WINDOW32: 00 00 00 00 00 00 00 00 00 00 0D 00 00 00 00 00 00 00 00 00 00 00 00 00 00 00 00 00 00 00 00 0D
[K530_BT] RAW stream (64 bytes, no framing): 20 A7 00 00 00 03 FF 00 64 00 00 00 00 00 00 00 00 00 00 00 00 00 00 00 00 00 00 00 00 00 00 00 00 00 00 00 00 00 00 0D 20 A7 00 00 00 03 FF 00 64 00 00 00 00 00 00 00 00 00 00 00 00 00 00 00
[K530_BT] WINDOW32: 00 00 00 00 00 00 00 00 00 00 0D 00 00 00 00 00 00 00 00 00 00 00 00 00 00 00 00 00 00 00 00 0D
[K530_BT] RAW stream (64 bytes, no framing): 20 A7 00 00 00 03 FF 00 64 00 00 00 00 00 00 00 00 00 00 00 00 00 00 00 00 00 00 00 00 00 00 00 00 00 00 00 00 00 00 0D 20 A7 00 00 00 03 FF 00 64 00 00 00 00 00 00 00 00 00 00 00 00 00 00 00
[K530_BT] WINDOW32: 00 00 00 00 00 00 0D 00 00 00 0D 00 00 00 00 00 00 00 00 00 00 00 00 00 00 00 00 00 00 00 00 0D
[K530_BT] RAW stream (64 bytes, no framing): 20 A7 00 00 00 03 FF 00 64 00 00 00 00 00 00 00 00 00 00 00 00 00 00 00 00 00 00 00 00 00 00 00 00 00 00 00 00 00 00 0D 20 A7 00 00 00 03 FF 00 64 00 00 00 00 00 00 00 00 00 00 00 00 00 00 00
[K530_BT] SPI0 IRQ count = 4560 (╤А╨░╤Б╤В╤С╤В тАФ ╨┐╨╡╤А╨╕╤Д╨╡╤А╨╕╤П ╨▓╨╕╨┤╨╕╤В ╨║╨╗╨╛╨║╨╕ ╨╛╤В BT-╨╝╨╛╨┤╤Г╨╗╤П)
[K530_BT] BT toggle = OFF, host_slot = 3
[K530_BT] SPI0 IRQ count = 4560 (╨Э╨Х ╨а╨Р╨б╨в╨Б╨в тАФ ╨┐╤А╨╛╨▓╨╡╤А╤М╤В╨╡ ╨┐╨╕╨╜╤Л/NVIC/╤В╨░╨║╤В╨╕╤А╨╛╨▓╨░╨╜╨╕╨╡, ╤Б╨╝. ╤А╨░╨╖╨┤╨╡╨╗ 5╨С)
[K530_BT] BT toggle = OFF, host_slot = 3
[K530_BT] SPI0 IRQ count = 4560 (╨Э╨Х ╨а╨Р╨б╨в╨Б╨в тАФ ╨┐╤А╨╛╨▓╨╡╤А╤М╤В╨╡ ╨┐╨╕╨╜╤Л/NVIC/╤В╨░╨║╤В╨╕╤А╨╛╨▓╨░╨╜╨╕╨╡, ╤Б╨╝. ╤А╨░╨╖╨┤╨╡╨╗ 5╨С)
[K530_BT] BT toggle = OFF, host_slot = 3
[K530_BT] SPI0 IRQ count = 4560 (╨Э╨Х ╨а╨Р╨б╨в╨Б╨в тАФ ╨┐╤А╨╛╨▓╨╡╤А╤М╤В╨╡ ╨┐╨╕╨╜╤Л/NVIC/╤В╨░╨║╤В╨╕╤А╨╛╨▓╨░╨╜╨╕╨╡, ╤Б╨╝. ╤А╨░╨╖╨┤╨╡╨╗ 5╨С)
[K530_BT] BT toggle = OFF, host_slot = 3
[K530_BT] SPI0 IRQ count = 4560 (╨Э╨Х ╨а╨Р╨б╨в╨Б╨в тАФ ╨┐╤А╨╛╨▓╨╡╤А╤М╤В╨╡ ╨┐╨╕╨╜╤Л/NVIC/╤В╨░╨║╤В╨╕╤А╨╛╨▓╨░╨╜╨╕╨╡, ╤Б╨╝. ╤А╨░╨╖╨┤╨╡╨╗ 5╨С)
[K530_BT] BT toggle = OFF, host_slot = 3
[K530_BT] SPI0 IRQ count = 4560 (╨Э╨Х ╨а╨Р╨б╨в╨Б╨в тАФ ╨┐╤А╨╛╨▓╨╡╤А╤М╤В╨╡ ╨┐╨╕╨╜╤Л/NVIC/╤В╨░╨║╤В╨╕╤А╨╛╨▓╨░╨╜╨╕╨╡, ╤Б╨╝. ╤А╨░╨╖╨┤╨╡╨╗ 5╨С)
[K530_BT] BT toggle = OFF, host_slot = 3
[K530_BT] SPI0 IRQ count = 4560 (╨Э╨Х ╨а╨Р╨б╨в╨Б╨в тАФ ╨┐╤А╨╛╨▓╨╡╤А╤М╤В╨╡ ╨┐╨╕╨╜╤Л/NVIC/╤В╨░╨║╤В╨╕╤А╨╛╨▓╨░╨╜╨╕╨╡, ╤Б╨╝. ╤А╨░╨╖╨┤╨╡╨╗ 5╨С)
[K530_BT] BT toggle = OFF, host_slot = 3
[K530_BT] SPI0 IRQ count = 4560 (╨Э╨Х ╨а╨Р╨б╨в╨Б╨в тАФ ╨┐╤А╨╛╨▓╨╡╤А╤М╤В╨╡ ╨┐╨╕╨╜╤Л/NVIC/╤В╨░╨║╤В╨╕╤А╨╛╨▓╨░╨╜╨╕╨╡, ╤Б╨╝. ╤А╨░╨╖╨┤╨╡╨╗ 5╨С)
[K530_BT] BT toggle = OFF, host_slot = 3
[K530_BT] SPI0 IRQ count = 4560 (╨Э╨Х ╨а╨Р╨б╨в╨Б╨в тАФ ╨┐╤А╨╛╨▓╨╡╤А╤М╤В╨╡ ╨┐╨╕╨╜╤Л/NVIC/╤В╨░╨║╤В╨╕╤А╨╛╨▓╨░╨╜╨╕╨╡, ╤Б╨╝. ╤А╨░╨╖╨┤╨╡╨╗ 5╨С)
[K530_BT] BT toggle = OFF, host_slot = 3
[K530_BT] SPI0 IRQ count = 4560 (╨Э╨Х ╨а╨Р╨б╨в╨Б╨в тАФ ╨┐╤А╨╛╨▓╨╡╤А╤М╤В╨╡ ╨┐╨╕╨╜╤Л/NVIC/╤В╨░╨║╤В╨╕╤А╨╛╨▓╨░╨╜╨╕╨╡, ╤Б╨╝. ╤А╨░╨╖╨┤╨╡╨╗ 5╨С)
[K530_BT] BT toggle = OFF, host_slot = 3
[K530_BT] SPI0 IRQ count = 4560 (╨Э╨Х ╨а╨Р╨б╨в╨Б╨в тАФ ╨┐╤А╨╛╨▓╨╡╤А╤М╤В╨╡ ╨┐╨╕╨╜╤Л/NVIC/╤В╨░╨║╤В╨╕╤А╨╛╨▓╨░╨╜╨╕╨╡, ╤Б╨╝. ╤А╨░╨╖╨┤╨╡╨╗ 5╨С)
[K530_BT] BT toggle = OFF, host_slot = 3
[K530_BT] SPI0 IRQ count = 4560 (╨Э╨Х ╨а╨Р╨б╨в╨Б╨в тАФ ╨┐╤А╨╛╨▓╨╡╤А╤М╤В╨╡ ╨┐╨╕╨╜╤Л/NVIC/╤В╨░╨║╤В╨╕╤А╨╛╨▓╨░╨╜╨╕╨╡, ╤Б╨╝. ╤А╨░╨╖╨┤╨╡╨╗ 5╨С)
[K530_BT] BT toggle = OFF, host_slot = 3
[K530_BT] SPI0 IRQ count = 4560 (╨Э╨Х ╨а╨Р╨б╨в╨Б╨в тАФ ╨┐╤А╨╛╨▓╨╡╤А╤М╤В╨╡ ╨┐╨╕╨╜╤Л/NVIC/╤В╨░╨║╤В╨╕╤А╨╛╨▓╨░╨╜╨╕╨╡, ╤Б╨╝. ╤А╨░╨╖╨┤╨╡╨╗ 5╨С)
[K530_BT] BT toggle = OFF, host_slot = 3
[K530_BT] SPI0 IRQ count = 4560 (╨Э╨Х ╨а╨Р╨б╨в╨Б╨в тАФ ╨┐╤А╨╛╨▓╨╡╤А╤М╤В╨╡ ╨┐╨╕╨╜╤Л/NVIC/╤В╨░╨║╤В╨╕╤А╨╛╨▓╨░╨╜╨╕╨╡, ╤Б╨╝. ╤А╨░╨╖╨┤╨╡╨╗ 5╨С)
[K530_BT] BT toggle = OFF, host_slot = 3
[K530_BT] SPI0 IRQ count = 4560 (╨Э╨Х ╨а╨Р╨б╨в╨Б╨в тАФ ╨┐╤А╨╛╨▓╨╡╤А╤М╤В╨╡ ╨┐╨╕╨╜╤Л/NVIC/╤В╨░╨║╤В╨╕╤А╨╛╨▓╨░╨╜╨╕╨╡, ╤Б╨╝. ╤А╨░╨╖╨┤╨╡╨╗ 5╨С)
[K530_BT] BT toggle = OFF, host_slot = 3
[K530_BT] SPI0 IRQ count = 4560 (╨Э╨Х ╨а╨Р╨б╨в╨Б╨в тАФ ╨┐╤А╨╛╨▓╨╡╤А╤М╤В╨╡ ╨┐╨╕╨╜╤Л/NVIC/╤В╨░╨║╤В╨╕╤А╨╛╨▓╨░╨╜╨╕╨╡, ╤Б╨╝. ╤А╨░╨╖╨┤╨╡╨╗ 5╨С)
[K530_BT] BT toggle = OFF, host_slot = 3
[K530_BT] SPI0 IRQ count = 4560 (╨Э╨Х ╨а╨Р╨б╨в╨Б╨в тАФ ╨┐╤А╨╛╨▓╨╡╤А╤М╤В╨╡ ╨┐╨╕╨╜╤Л/NVIC/╤В╨░╨║╤В╨╕╤А╨╛╨▓╨░╨╜╨╕╨╡, ╤Б╨╝. ╤А╨░╨╖╨┤╨╡╨╗ 5╨С)
[K530_BT] BT toggle = OFF, host_slot = 3
[K530_BT] SPI0 IRQ count = 4560 (╨Э╨Х ╨а╨Р╨б╨в╨Б╨в тАФ ╨┐╤А╨╛╨▓╨╡╤А╤М╤В╨╡ ╨┐╨╕╨╜╤Л/NVIC/╤В╨░╨║╤В╨╕╤А╨╛╨▓╨░╨╜╨╕╨╡, ╤Б╨╝. ╤А╨░╨╖╨┤╨╡╨╗ 5╨С)
[K530_BT] BT toggle = OFF, host_slot = 3
[K530_BT] SPI0 IRQ count = 4560 (╨Э╨Х ╨а╨Р╨б╨в╨Б╨в тАФ ╨┐╤А╨╛╨▓╨╡╤А╤М╤В╨╡ ╨┐╨╕╨╜╤Л/NVIC/╤В╨░╨║╤В╨╕╤А╨╛╨▓╨░╨╜╨╕╨╡, ╤Б╨╝. ╤А╨░╨╖╨┤╨╡╨╗ 5╨С)
[K530_BT] BT toggle = OFF, host_slot = 2
[K530_BT] SPI0 IRQ count = 4560 (╨Э╨Х ╨а╨Р╨б╨в╨Б╨в тАФ ╨┐╤А╨╛╨▓╨╡╤А╤М╤В╨╡ ╨┐╨╕╨╜╤Л/NVIC/╤В╨░╨║╤В╨╕╤А╨╛╨▓╨░╨╜╨╕╨╡, ╤Б╨╝. ╤А╨░╨╖╨┤╨╡╨╗ 5╨С)
[K530_BT] BT toggle = OFF, host_slot = 2
[K530_BT] SPI0 IRQ count = 4560 (╨Э╨Х ╨а╨Р╨б╨в╨Б╨в тАФ ╨┐╤А╨╛╨▓╨╡╤А╤М╤В╨╡ ╨┐╨╕╨╜╤Л/NVIC/╤В╨░╨║╤В╨╕╤А╨╛╨▓╨░╨╜╨╕╨╡, ╤Б╨╝. ╤А╨░╨╖╨┤╨╡╨╗ 5╨С)
[K530_BT] BT toggle = OFF, host_slot = 2
[K530_BT] SPI0 IRQ count = 4560 (╨Э╨Х ╨а╨Р╨б╨в╨Б╨в тАФ ╨┐╤А╨╛╨▓╨╡╤А╤М╤В╨╡ ╨┐╨╕╨╜╤Л/NVIC/╤В╨░╨║╤В╨╕╤А╨╛╨▓╨░╨╜╨╕╨╡, ╤Б╨╝. ╤А╨░╨╖╨┤╨╡╨╗ 5╨С)
[K530_BT] BT toggle = OFF, host_slot = 2
[K530_BT] SPI0 IRQ count = 4560 (╨Э╨Х ╨а╨Р╨б╨в╨Б╨в тАФ ╨┐╤А╨╛╨▓╨╡╤А╤М╤В╨╡ ╨┐╨╕╨╜╤Л/NVIC/╤В╨░╨║╤В╨╕╤А╨╛╨▓╨░╨╜╨╕╨╡, ╤Б╨╝. ╤А╨░╨╖╨┤╨╡╨╗ 5╨С)
[K530_BT] BT toggle = OFF, host_slot = 2
[K530_BT] SPI0 IRQ count = 4560 (╨Э╨Х ╨а╨Р╨б╨в╨Б╨в тАФ ╨┐╤А╨╛╨▓╨╡╤А╤М╤В╨╡ ╨┐╨╕╨╜╤Л/NVIC/╤В╨░╨║╤В╨╕╤А╨╛╨▓╨░╨╜╨╕╨╡, ╤Б╨╝. ╤А╨░╨╖╨┤╨╡╨╗ 5╨С)
[K530_BT] BT toggle = OFF, host_slot = 1
[K530_BT] SPI0 IRQ count = 4560 (╨Э╨Х ╨а╨Р╨б╨в╨Б╨в тАФ ╨┐╤А╨╛╨▓╨╡╤А╤М╤В╨╡ ╨┐╨╕╨╜╤Л/NVIC/╤В╨░╨║╤В╨╕╤А╨╛╨▓╨░╨╜╨╕╨╡, ╤Б╨╝. ╤А╨░╨╖╨┤╨╡╨╗ 5╨С)
[K530_BT] BT toggle = OFF, host_slot = 1
[K530_BT] SPI0 IRQ count = 4560 (╨Э╨Х ╨а╨Р╨б╨в╨Б╨в тАФ ╨┐╤А╨╛╨▓╨╡╤А╤М╤В╨╡ ╨┐╨╕╨╜╤Л/NVIC/╤В╨░╨║╤В╨╕╤А╨╛╨▓╨░╨╜╨╕╨╡, ╤Б╨╝. ╤А╨░╨╖╨┤╨╡╨╗ 5╨С)
[K530_BT] BT toggle = OFF, host_slot = 1
[K530_BT] SPI0 IRQ count = 4560 (╨Э╨Х ╨а╨Р╨б╨в╨Б╨в тАФ ╨┐╤А╨╛╨▓╨╡╤А╤М╤В╨╡ ╨┐╨╕╨╜╤Л/NVIC/╤В╨░╨║╤В╨╕╤А╨╛╨▓╨░╨╜╨╕╨╡, ╤Б╨╝. ╤А╨░╨╖╨┤╨╡╨╗ 5╨С)
[K530_BT] BT toggle = OFF, host_slot = 1
[K530_BT] SPI0 IRQ count = 4560 (╨Э╨Х ╨а╨Р╨б╨в╨Б╨в тАФ ╨┐╤А╨╛╨▓╨╡╤А╤М╤В╨╡ ╨┐╨╕╨╜╤Л/NVIC/╤В╨░╨║╤В╨╕╤А╨╛╨▓╨░╨╜╨╕╨╡, ╤Б╨╝. ╤А╨░╨╖╨┤╨╡╨╗ 5╨С)
[K530_BT] BT toggle = OFF, host_slot = 1
[K530_BT] SPI0 IRQ count = 4560 (╨Э╨Х ╨а╨Р╨б╨в╨Б╨в тАФ ╨┐╤А╨╛╨▓╨╡╤А╤М╤В╨╡ ╨┐╨╕╨╜╤Л/NVIC/╤В╨░╨║╤В╨╕╤А╨╛╨▓╨░╨╜╨╕╨╡, ╤Б╨╝. ╤А╨░╨╖╨┤╨╡╨╗ 5╨С)
[K530_BT] BT toggle = OFF, host_slot = 1
[K530_BT] SPI0 IRQ count = 4560 (╨Э╨Х ╨а╨Р╨б╨в╨Б╨в тАФ ╨┐╤А╨╛╨▓╨╡╤А╤М╤В╨╡ ╨┐╨╕╨╜╤Л/NVIC/╤В╨░╨║╤В╨╕╤А╨╛╨▓╨░╨╜╨╕╨╡, ╤Б╨╝. ╤А╨░╨╖╨┤╨╡╨╗ 5╨С)
[K530_BT] BT toggle = OFF, host_slot = 1
[K530_BT] SPI0 IRQ count = 4560 (╨Э╨Х ╨а╨Р╨б╨в╨Б╨в тАФ ╨┐╤А╨╛╨▓╨╡╤А╤М╤В╨╡ ╨┐╨╕╨╜╤Л/NVIC/╤В╨░╨║╤В╨╕╤А╨╛╨▓╨░╨╜╨╕╨╡, ╤Б╨╝. ╤А╨░╨╖╨┤╨╡╨╗ 5╨С)
[K530_BT] BT toggle = OFF, host_slot = 1
[K530_BT] SPI0 IRQ count = 4560 (╨Э╨Х ╨а╨Р╨б╨в╨Б╨в тАФ ╨┐╤А╨╛╨▓╨╡╤А╤М╤В╨╡ ╨┐╨╕╨╜╤Л/NVIC/╤В╨░╨║╤В╨╕╤А╨╛╨▓╨░╨╜╨╕╨╡, ╤Б╨╝. ╤А╨░╨╖╨┤╨╡╨╗ 5╨С)
[K530_BT] BT toggle = OFF, host_slot = 1
[K530_BT] BT toggle -> ON, SPI0 (re)started
[K530_BT] WINDOW32: 00 00 00 00 00 00 0D 00 00 00 0D 00 00 00 00 00 00 00 00 00 00 00 00 00 00 00 00 00 00 00 00 0D
[K530_BT] RAW stream (64 bytes, no framing): A2 A7 00 00 00 03 FF 00 64 00 00 00 00 00 00 00 00 00 00 00 00 00 00 00 00 00 00 00 00 00 00 00 00 00 00 00 00 00 00 0D A2 A7 00 00 00 03 FF 00 64 00 00 00 00 00 00 00 00 00 00 00 00 00 00 00
[K530_BT] WINDOW32: 00 00 00 00 00 00 00 00 00 00 0D 00 00 00 00 00 00 00 00 00 00 00 00 00 00 00 00 00 00 00 00 0D
[K530_BT] RAW stream (64 bytes, no framing): 00 00 00 00 00 00 00 00 00 00 00 00 00 00 00 00 00 00 00 00 00 00 00 00 00 0D A2 A7 00 00 00 03 FF 00 64 00 00 00 00 00 00 00 00 00 00 00 00 00 00 00 00 00 00 00 00 00 00 00 00 00 00 00 00 00
[K530_BT] SPI0 IRQ count = 4720 (╤А╨░╤Б╤В╤С╤В тАФ ╨┐╨╡╤А╨╕╤Д╨╡╤А╨╕╤П ╨▓╨╕╨┤╨╕╤В ╨║╨╗╨╛╨║╨╕ ╨╛╤В BT-╨╝╨╛╨┤╤Г╨╗╤П)
[K530_BT] BT toggle = ON, host_slot = 1
[K530_BT] WINDOW32: 0D A2 A7 00 00 00 03 FF 00 64 03 FF 00 64 00 00 00 00 00 00 00 00 00 00 00 00 00 00 00 00 00 03
[K530_BT] TASK A7..0C len=30: A7 00 00 00 03 FF 00 64 03 FF 00 64 00 00 00 00 00 00 00 00 00 00 00 00 00 00 00 00 00 03
[K530_BT] WINDOW32: 00 00 00 00 00 00 00 00 00 00 0D 00 00 00 00 00 00 00 00 00 00 00 00 00 00 00 00 00 00 00 00 0D
[K530_BT] RAW stream (64 bytes, no framing): A2 A7 00 00 00 03 FF 00 64 00 00 00 00 00 00 00 00 00 00 00 00 00 00 00 00 00 00 00 00 00 00 00 00 00 00 00 00 00 00 0D A2 A7 00 00 00 03 FF 00 64 00 00 00 00 00 00 00 00 00 00 00 00 00 00 00
[K530_BT] WINDOW32: 00 00 00 00 00 00 00 00 00 00 0D 00 00 00 00 00 00 00 00 00 00 00 00 00 00 00 00 00 00 00 00 0D
[K530_BT] SPI0 IRQ count = 4800 (╤А╨░╤Б╤В╤С╤В тАФ ╨┐╨╡╤А╨╕╤Д╨╡╤А╨╕╤П ╨▓╨╕╨┤╨╕╤В ╨║╨╗╨╛╨║╨╕ ╨╛╤В BT-╨╝╨╛╨┤╤Г╨╗╤П)
[K530_BT] BT toggle = ON, host_slot = 1
[K530_BT] WINDOW32: 00 00 00 00 00 00 00 00 00 00 00 00 00 00 00 00 00 00 00 00 00 00 0D 00 00 00 00 00 00 00 00 00
[K530_BT] WINDOW32: 00 00 00 00 00 00 00 00 00 00 0D 00 00 00 00 00 00 00 00 00 00 00 00 00 00 00 00 00 00 00 00 0D
[K530_BT] RAW stream (64 bytes, no framing): 00 00 00 00 00 00 00 00 00 00 00 00 00 0D A2 A7 00 00 00 03 FF 00 64 00 00 00 00 00 00 00 00 00 00 00 00 00 00 00 00 00 00 00 00 00 00 00 00 00 00 00 00 00 00 0D A2 A7 00 00 00 03 FF 00 64 00
[K530_BT] WINDOW32: 00 00 00 00 00 00 0D 00 00 00 0D 00 00 00 00 00 00 00 00 00 00 00 00 00 00 00 00 00 00 00 00 0D
[K530_BT] RAW stream (64 bytes, no framing): 00 00 00 00 00 00 00 00 00 00 00 00 0D A2 A7 00 00 00 03 FF 00 64 00 00 00 00 00 00 00 00 00 00 00 00 00 00 00 00 00 00 00 00 00 00 00 00 00 00 00 00 00 00 0D A2 A7 00 00 00 03 FF 00 64 00 00
[K530_BT] SPI0 IRQ count = 4960 (╤А╨░╤Б╤В╤С╤В тАФ ╨┐╨╡╤А╨╕╤Д╨╡╤А╨╕╤П ╨▓╨╕╨┤╨╕╤В ╨║╨╗╨╛╨║╨╕ ╨╛╤В BT-╨╝╨╛╨┤╤Г╨╗╤П)
[K530_BT] BT toggle = ON, host_slot = 1
[K530_BT] WINDOW32: 00 00 00 00 00 00 0D 00 00 00 0D 00 00 00 00 00 00 00 00 00 00 00 00 00 00 00 00 00 00 00 00 0D
[K530_BT] RAW stream (64 bytes, no framing): A2 A7 00 00 00 03 FF 00 64 00 00 00 00 00 00 00 00 00 00 00 00 00 00 00 00 00 00 00 00 00 00 00 00 00 00 00 00 00 00 0D A2 A7 00 00 00 03 FF 00 64 00 00 00 00 00 00 00 00 00 00 00 00 00 00 00
[K530_BT] WINDOW32: 00 00 00 00 00 00 0D 00 00 00 00 00 00 00 00 00 00 00 00 00 00 00 00 00 00 00 00 00 00 00 00 0D
[K530_BT] SPI0 IRQ count = 5040 (╤А╨░╤Б╤В╤С╤В тАФ ╨┐╨╡╤А╨╕╤Д╨╡╤А╨╕╤П ╨▓╨╕╨┤╨╕╤В ╨║╨╗╨╛╨║╨╕ ╨╛╤В BT-╨╝╨╛╨┤╤Г╨╗╤П)
[K530_BT] BT toggle = ON, host_slot = 1
[K530_BT] WINDOW32: 00 00 00 00 00 00 00 00 00 00 00 00 00 00 00 00 00 00 00 00 00 00 0D 00 00 00 00 00 00 00 00 00
[K530_BT] WINDOW32: 00 00 00 00 00 00 00 00 00 00 0D 00 00 00 00 00 00 00 00 00 00 00 00 00 00 00 00 00 00 00 00 0D
[K530_BT] RAW stream (64 bytes, no framing): A2 A7 00 00 00 03 FF 00 64 00 00 00 00 00 00 00 00 00 00 00 00 00 00 00 00 00 00 00 00 00 00 00 00 00 00 00 00 00 00 0D A2 A7 00 00 00 03 FF 00 64 00 00 00 00 00 00 00 00 00 00 00 00 00 00 00
[K530_BT] WINDOW32: 00 00 00 00 00 00 00 00 00 00 0D 00 00 00 00 00 00 00 00 00 00 00 00 00 00 00 00 00 00 00 00 0D
[K530_BT] SPI0 IRQ count = 5120 (╤А╨░╤Б╤В╤С╤В тАФ ╨┐╨╡╤А╨╕╤Д╨╡╤А╨╕╤П ╨▓╨╕╨┤╨╕╤В ╨║╨╗╨╛╨║╨╕ ╨╛╤В BT-╨╝╨╛╨┤╤Г╨╗╤П)
[K530_BT] BT toggle = ON, host_slot = 1
[K530_BT] WINDOW32: A7 00 00 00 03 FF 00 64 00 FF 00 64 00 00 00 00 00 00 00 00 00 00 00 0D A2 A7 00 00 00 00 00 00
[K530_BT] TASK A7..0C len=32: A7 00 00 00 03 FF 00 64 00 FF 00 64 00 00 00 00 00 00 00 00 00 00 00 0D A2 A7 00 00 00 00 00 00
[K530_BT] RAW stream (64 bytes, no framing): 00 00 00 00 00 00 00 00 00 00 00 0D A2 A7 00 00 00 03 FF 00 64 00 00 00 00 00 00 00 00 00 00 00 00 00 00 00 00 00 00 00 00 00 00 00 00 00 00 00 00 00 00 0D A2 A7 00 00 00 03 FF 00 64 00 00 00
[K530_BT] WINDOW32: 00 00 00 00 00 00 00 00 00 00 0D 00 00 00 00 00 00 00 00 00 00 00 00 00 00 00 00 00 00 00 00 0D
[K530_BT] WINDOW32: 00 00 00 00 00 00 00 00 00 00 00 00 64 00 00 00 00 00 00 00 00 00 0D 00 00 00 00 00 00 00 00 00
[K530_BT] WINDOW32: 00 00 00 00 00 00 00 00 00 00 0D 00 00 00 00 00 00 00 00 00 00 00 00 00 00 00 00 00 00 00 00 0D
[K530_BT] SPI0 IRQ count = 5280 (╤А╨░╤Б╤В╤С╤В тАФ ╨┐╨╡╤А╨╕╤Д╨╡╤А╨╕╤П ╨▓╨╕╨┤╨╕╤В ╨║╨╗╨╛╨║╨╕ ╨╛╤В BT-╨╝╨╛╨┤╤Г╨╗╤П)
[K530_BT] BT toggle = ON, host_slot = 1
[K530_BT] RAW stream (64 bytes, no framing): A2 A7 00 00 00 03 FF 00 64 00 00 00 00 00 00 00 00 00 00 00 00 00 00 00 00 00 00 00 00 00 00 00 00 00 00 00 00 00 00 0D A2 A7 00 00 00 03 FF 00 64 00 00 00 00 00 00 00 00 00 00 00 00 00 00 00
[K530_BT] WINDOW32: 00 00 00 00 00 00 00 00 00 00 0D 00 00 00 00 00 00 00 00 00 00 00 00 00 00 00 00 00 00 00 00 0D
[K530_BT] WINDOW32: 00 00 00 00 0D A2 A7 00 00 00 03 FF 00 00 00 00 00 00 00 00 00 00 00 00 00 0D A2 A7 00 00 00 03
[K530_BT] TASK A7..0C len=26: A7 00 00 00 03 FF 00 00 00 00 00 00 00 00 00 00 00 00 00 0D A2 A7 00 00 00 03
[K530_BT] WINDOW32: 00 00 00 00 00 00 00 00 00 00 0D 00 00 00 00 00 00 00 00 00 00 00 00 00 00 00 00 00 00 00 00 0D
[K530_BT] SPI0 IRQ count = 5360 (╤А╨░╤Б╤В╤С╤В тАФ ╨┐╨╡╤А╨╕╤Д╨╡╤А╨╕╤П ╨▓╨╕╨┤╨╕╤В ╨║╨╗╨╛╨║╨╕ ╨╛╤В BT-╨╝╨╛╨┤╤Г╨╗╤П)
[K530_BT] BT toggle = ON, host_slot = 1
[K530_BT] RAW stream (64 bytes, no framing): 00 00 00 00 00 00 00 00 00 00 00 00 0D A2 A7 00 00 00 03 FF 00 64 00 00 00 00 00 00 00 00 00 00 00 00 00 00 00 00 00 00 00 00 00 00 00 00 00 00 00 00 00 00 0D A2 A7 00 00 00 03 FF 00 64 00 00
[K530_BT] WINDOW32: 00 00 00 00 00 00 00 00 00 00 0D 00 00 00 00 00 00 00 00 00 00 00 00 00 00 00 00 00 00 00 00 0D
[K530_BT] RAW stream (64 bytes, no framing): 00 00 00 00 00 00 00 00 00 00 00 00 00 00 0D A2 A7 00 00 00 03 FF 00 64 00 00 00 00 00 00 00 00 00 00 00 00 00 00 00 00 00 00 00 00 00 00 00 00 00 00 00 00 00 00 0D A2 A7 00 00 00 03 FF 00 64
[K530_BT] WINDOW32: 00 00 00 00 00 00 00 00 00 00 00 00 00 00 00 00 00 00 00 00 00 00 00 00 0D 00 00 00 00 00 00 00
[K530_BT] WINDOW32: 00 00 00 00 00 00 00 00 00 00 0D 00 00 00 00 00 00 00 00 00 00 00 00 00 00 00 00 00 00 00 00 0D
[K530_BT] SPI0 IRQ count = 5520 (╤А╨░╤Б╤В╤С╤В тАФ ╨┐╨╡╤А╨╕╤Д╨╡╤А╨╕╤П ╨▓╨╕╨┤╨╕╤В ╨║╨╗╨╛╨║╨╕ ╨╛╤В BT-╨╝╨╛╨┤╤Г╨╗╤П)
[K530_BT] BT toggle = ON, host_slot = 1
[K530_BT] WINDOW32: 03 FF 00 64 00 00 00 00 00 00 00 00 00 00 00 00 00 00 00 00 00 00 00 00 64 00 00 00 00 00 00 00
[K530_BT] RAW stream (64 bytes, no framing): A2 A7 00 00 00 03 FF 00 64 00 00 00 00 00 00 00 00 00 00 00 00 00 00 00 00 00 00 00 00 00 00 00 00 00 00 00 00 00 00 0D A2 A7 00 00 00 03 FF 00 64 00 00 00 00 00 00 00 00 00 00 00 00 00 00 00
[K530_BT] WINDOW32: 00 00 00 00 00 00 00 00 00 00 0D 00 00 00 00 00 00 00 00 00 00 00 00 00 00 00 00 00 00 00 00 0D
[K530_BT] WINDOW32: 00 00 00 00 00 00 00 00 00 00 00 00 03 FF 00 64 00 00 00 00 00 00 00 00 00 00 00 00 00 00 00 00
[K530_BT] WINDOW32: 00 00 00 00 00 00 00 00 00 00 0D 00 00 00 00 00 00 00 00 00 00 00 00 00 00 00 00 00 00 00 00 0D
[K530_BT] SPI0 IRQ count = 5600 (╤А╨░╤Б╤В╤С╤В тАФ ╨┐╨╡╤А╨╕╤Д╨╡╤А╨╕╤П ╨▓╨╕╨┤╨╕╤В ╨║╨╗╨╛╨║╨╕ ╨╛╤В BT-╨╝╨╛╨┤╤Г╨╗╤П)
[K530_BT] BT toggle = ON, host_slot = 1
[K530_BT] RAW stream (64 bytes, no framing): A2 A7 00 00 00 03 FF 00 64 00 00 00 00 00 00 00 00 00 00 00 00 00 00 00 00 00 00 00 00 00 00 00 00 00 00 00 00 00 00 0D A2 A7 00 00 00 03 FF 00 64 00 00 00 00 00 00 00 00 00 00 00 00 00 00 00
[K530_BT] WINDOW32: 00 00 00 00 00 00 00 00 00 00 0D 00 00 00 00 00 00 00 00 00 00 00 00 00 00 00 00 00 00 00 00 0D
[K530_BT] WINDOW32: 00 00 00 00 00 00 00 00 00 00 00 00 FF 00 64 00 00 00 00 00 00 00 00 00 00 00 00 00 00 00 00 00
[K530_BT] RAW stream (64 bytes, no framing): 00 00 00 00 00 00 00 00 00 00 00 00 00 00 00 00 00 00 00 00 00 00 00 00 0D A2 A7 00 00 00 03 FF 00 64 00 00 00 00 00 00 00 00 00 00 00 00 00 00 00 00 00 00 00 00 00 00 00 00 00 00 00 00 00 00
[K530_BT] WINDOW32: 00 00 00 00 00 00 00 00 00 00 0D 00 00 00 00 00 00 00 00 00 00 00 00 00 00 00 00 00 00 00 00 0D
[K530_BT] SPI0 IRQ count = 5760 (╤А╨░╤Б╤В╤С╤В тАФ ╨┐╨╡╤А╨╕╤Д╨╡╤А╨╕╤П ╨▓╨╕╨┤╨╕╤В ╨║╨╗╨╛╨║╨╕ ╨╛╤В BT-╨╝╨╛╨┤╤Г╨╗╤П)
[K530_BT] BT toggle = ON, host_slot = 1
[K530_BT] WINDOW32: 00 00 00 00 00 00 00 00 00 00 00 00 00 00 00 00 00 00 00 00 00 0D 00 00 00 00 00 00 00 00 00 00
[K530_BT] WINDOW32: 00 00 00 00 00 00 0D 00 00 00 0D 00 00 00 00 00 00 00 00 00 00 00 00 00 00 00 00 00 00 00 00 0D
[K530_BT] RAW stream (64 bytes, no framing): A2 A7 00 00 00 03 FF 00 64 00 00 00 00 00 00 00 00 00 00 00 00 00 00 00 00 00 00 00 00 00 00 00 00 00 00 00 00 00 00 0D A2 A7 00 00 00 03 FF 00 64 00 00 00 00 00 00 00 00 00 00 00 00 00 00 00
[K530_BT] WINDOW32: 00 00 00 00 00 00 0D 00 00 00 0D 00 00 00 00 00 00 00 00 00 00 00 00 00 00 00 00 00 00 00 00 0D
[K530_BT] WINDOW32: 00 00 00 00 00 00 00 00 00 00 00 00 00 00 64 00 00 00 00 00 00 00 00 00 0D 00 00 00 00 00 00 00
[K530_BT] WINDOW32: 00 00 00 00 00 00 0D 00 00 00 00 00 00 00 00 00 00 00 00 00 00 00 00 00 00 00 00 00 00 00 00 0D
[K530_BT] SPI0 IRQ count = 5880 (╤А╨░╤Б╤В╤С╤В тАФ ╨┐╨╡╤А╨╕╤Д╨╡╤А╨╕╤П ╨▓╨╕╨┤╨╕╤В ╨║╨╗╨╛╨║╨╕ ╨╛╤В BT-╨╝╨╛╨┤╤Г╨╗╤П)
[K530_BT] BT toggle = ON, host_slot = 2
[K530_BT] RAW stream (64 bytes, no framing): 00 00 00 00 00 00 00 00 00 00 00 00 0D A2 A7 00 00 00 03 FF 00 64 00 00 00 00 00 00 00 00 00 00 00 00 00 00 00 00 00 00 00 00 00 00 00 00 00 00 00 00 00 00 0D A2 A7 00 00 00 03 FF 00 64 00 00
[K530_BT] WINDOW32: 00 00 00 00 00 00 00 00 00 00 0D 00 00 00 00 00 00 00 00 00 00 00 00 00 00 00 00 00 00 00 00 0D
[K530_BT] RAW stream (64 bytes, no framing): 00 00 00 00 00 00 00 00 00 00 00 00 0D A2 A7 00 00 00 03 FF 00 64 00 00 00 00 00 00 00 00 00 00 00 00 00 00 00 00 00 00 00 00 00 00 00 00 00 00 00 00 00 00 0D A2 A7 00 00 00 03 FF 00 64 00 00
[K530_BT] WINDOW32: 00 FF 00 64 00 00 00 00 00 00 00 00 00 00 00 00 00 00 00 00 00 00 00 00 64 00 00 00 00 00 00 00
[K530_BT] WINDOW32: 00 00 00 00 00 00 00 00 00 00 0D 00 00 00 00 00 00 00 00 00 00 00 00 00 00 00 00 00 00 00 00 0D
[K530_BT] SPI0 IRQ count = 6040 (╤А╨░╤Б╤В╤С╤В тАФ ╨┐╨╡╤А╨╕╤Д╨╡╤А╨╕╤П ╨▓╨╕╨┤╨╕╤В ╨║╨╗╨╛╨║╨╕ ╨╛╤В BT-╨╝╨╛╨┤╤Г╨╗╤П)
[K530_BT] BT toggle = ON, host_slot = 2
[K530_BT] WINDOW32: 03 FF 00 64 00 00 00 64 00 00 00 00 00 00 00 00 00 00 00 00 00 00 00 00 00 00 00 00 64 00 00 00
[K530_BT] RAW stream (64 bytes, no framing): A2 A7 00 00 00 03 FF 00 64 00 00 00 00 00 00 00 00 00 00 00 00 00 00 00 00 00 00 00 00 00 00 00 00 00 00 00 00 00 00 0D A2 A7 00 00 00 03 FF 00 64 00 00 00 00 00 00 00 00 00 00 00 00 00 00 00
[K530_BT] WINDOW32: 00 00 00 00 00 00 00 00 00 00 0D 00 00 00 00 00 00 00 00 00 00 00 00 00 00 00 00 00 00 00 00 0D
[K530_BT] WINDOW32: 00 00 00 00 00 00 0D A2 A7 00 00 00 00 00 00 00 00 00 00 00 00 00 00 00 00 00 00 0D A2 A7 00 00
[K530_BT] TASK A7..0C len=24: A7 00 00 00 00 00 00 00 00 00 00 00 00 00 00 00 00 00 00 0D A2 A7 00 00
[K530_BT] WINDOW32: 00 00 00 00 00 00 00 00 00 00 0D 00 00 00 00 00 00 00 00 00 00 00 00 00 00 00 00 00 00 00 00 0D
[K530_BT] SPI0 IRQ count = 6120 (╤А╨░╤Б╤В╤С╤В тАФ ╨┐╨╡╤А╨╕╤Д╨╡╤А╨╕╤П ╨▓╨╕╨┤╨╕╤В ╨║╨╗╨╛╨║╨╕ ╨╛╤В BT-╨╝╨╛╨┤╤Г╨╗╤П)
[K530_BT] BT toggle = ON, host_slot = 2
[K530_BT] WINDOW32: 00 00 00 00 00 00 00 00 00 00 00 00 00 A7 00 00 00 03 FF 00 64 00 00 00 00 00 00 00 00 00 00 00
[K530_BT] TASK A7..0C len=19: A7 00 00 00 03 FF 00 64 00 00 00 00 00 00 00 00 00 00 00
[K530_BT] RAW stream (64 bytes, no framing): A2 A7 00 00 00 03 FF 00 64 00 00 00 00 00 00 00 00 00 00 00 00 00 00 00 00 00 00 00 00 00 00 00 00 00 00 00 00 00 00 0D A2 A7 00 00 00 03 FF 00 64 00 00 00 00 00 00 00 00 00 00 00 00 00 00 00
[K530_BT] WINDOW32: 00 00 00 00 00 00 0D 00 00 00 0D 00 00 00 00 00 00 00 00 00 00 00 00 00 00 00 00 00 00 00 00 0D
[K530_BT] WINDOW32: 00 00 00 00 00 00 0D 00 00 00 0D 00 00 00 00 00 00 00 00 00 00 00 00 00 00 00 00 00 00 00 00 0D
[K530_BT] SPI0 IRQ count = 6280 (╤А╨░╤Б╤В╤С╤В тАФ ╨┐╨╡╤А╨╕╤Д╨╡╤А╨╕╤П ╨▓╨╕╨┤╨╕╤В ╨║╨╗╨╛╨║╨╕ ╨╛╤В BT-╨╝╨╛╨┤╤Г╨╗╤П)
[K530_BT] BT toggle = ON, host_slot = 2
[K530_BT] WINDOW32: A2 A7 00 0D A2 A7 00 00 00 03 FF 00 64 00 00 00 00 00 00 00 00 00 00 00 0D A2 A7 00 00 00 03 FF
[K530_BT] TASK A7..0C len=31: A7 00 0D A2 A7 00 00 00 03 FF 00 64 00 00 00 00 00 00 00 00 00 00 00 0D A2 A7 00 00 00 03 FF
[K530_BT] RAW stream (64 bytes, no framing): A2 A7 00 00 00 03 FF 00 64 00 00 00 00 00 00 00 00 00 00 00 00 00 00 00 00 00 00 00 00 00 00 00 00 00 00 00 00 00 00 0D A2 A7 00 00 00 03 FF 00 64 00 00 00 00 00 00 00 00 00 00 00 00 00 00 00
[K530_BT] WINDOW32: 00 00 00 00 00 00 00 00 00 00 0D 00 00 00 00 00 00 00 00 00 00 00 00 00 00 00 00 00 00 00 00 0D
[K530_BT] WINDOW32: 00 00 00 00 00 00 00 00 00 00 00 00 00 00 00 00 00 00 00 00 00 00 00 0D 00 00 00 00 00 00 00 00
[K530_BT] WINDOW32: 00 00 00 00 00 00 00 00 00 00 0D 00 00 00 00 00 00 00 00 00 00 00 00 00 00 00 00 00 00 00 00 0D
[K530_BT] RAW stream (64 bytes, no framing): A2 A7 00 00 00 03 FF 00 64 00 00 00 00 00 00 00 00 00 00 00 00 00 00 00 00 00 00 00 00 00 00 00 00 00 00 00 00 00 00 0D A2 A7 00 00 00 03 FF 00 64 00 00 00 00 00 00 00 00 00 00 00 00 00 00 00
[K530_BT] WINDOW32: 00 00 00 00 00 00 00 00 00 00 0D 00 00 00 00 00 00 00 00 00 00 00 00 00 00 00 00 00 00 00 00 0D
[K530_BT] SPI0 IRQ count = 6400 (╤А╨░╤Б╤В╤С╤В тАФ ╨┐╨╡╤А╨╕╤Д╨╡╤А╨╕╤П ╨▓╨╕╨┤╨╕╤В ╨║╨╗╨╛╨║╨╕ ╨╛╤В BT-╨╝╨╛╨┤╤Г╨╗╤П)
[K530_BT] BT toggle = ON, host_slot = 3
[K530_BT] RAW stream (64 bytes, no framing): 00 00 00 00 00 00 00 00 00 00 00 00 00 0D A2 A7 00 00 00 03 FF 00 64 00 00 00 00 00 00 00 00 00 00 00 00 00 00 00 00 00 00 00 00 00 00 00 00 00 00 00 00 00 00 0D A2 A7 00 00 00 03 FF 00 64 00
[K530_BT] WINDOW32: 00 00 00 00 00 00 00 00 00 00 0D 00 00 00 00 00 00 00 00 00 00 00 00 00 00 00 00 00 00 00 00 0D
[K530_BT] RAW stream (64 bytes, no framing): 00 00 00 00 00 00 00 00 00 00 00 00 00 00 00 00 00 00 0D A2 A7 00 00 00 03 FF 00 64 00 00 00 00 00 00 00 00 00 00 00 00 00 00 00 00 00 00 00 00 00 00 00 00 00 00 00 00 00 00 0D A2 A7 00 00 00
[K530_BT] WINDOW32: 00 00 00 00 00 00 00 00 00 00 0D 00 00 00 00 00 00 00 00 00 00 00 00 00 00 00 00 00 00 00 00 0D
[K530_BT] SPI0 IRQ count = 6560 (╤А╨░╤Б╤В╤С╤В тАФ ╨┐╨╡╤А╨╕╤Д╨╡╤А╨╕╤П ╨▓╨╕╨┤╨╕╤В ╨║╨╗╨╛╨║╨╕ ╨╛╤В BT-╨╝╨╛╨┤╤Г╨╗╤П)
[K530_BT] BT toggle = ON, host_slot = 3
[K530_BT] WINDOW32: 64 00 00 00 00 00 00 00 00 00 00 00 00 00 0D 00 00 00 00 00 00 00 00 00 00 00 00 00 00 00 00 00
[K530_BT] WINDOW32: 00 00 00 00 00 00 00 00 00 00 0D 00 00 00 00 00 00 00 00 00 00 00 00 00 00 00 00 00 00 00 00 0D
[K530_BT] WINDOW32: 00 00 00 00 00 00 0D A2 A7 00 00 00 03 00 00 00 00 00 00 00 00 00 00 00 00 00 00 0D A2 A7 00 00
[K530_BT] TASK A7..0C len=24: A7 00 00 00 03 00 00 00 00 00 00 00 00 00 00 00 00 00 00 0D A2 A7 00 00
[K530_BT] RAW stream (64 bytes, no framing): 00 00 00 00 00 00 00 00 00 00 00 00 0D A2 A7 00 00 00 03 FF 00 64 00 00 00 00 00 00 00 00 00 00 00 00 00 00 00 00 00 00 00 00 00 00 00 00 00 00 00 00 00 00 0D A2 A7 00 00 00 03 FF 00 64 00 00
[K530_BT] WINDOW32: 00 00 00 00 00 00 0D 00 00 00 0D 00 00 00 00 00 00 00 00 00 00 00 00 00 00 00 00 00 00 00 00 0D
[K530_BT] SPI0 IRQ count = 6640 (╤А╨░╤Б╤В╤С╤В тАФ ╨┐╨╡╤А╨╕╤Д╨╡╤А╨╕╤П ╨▓╨╕╨┤╨╕╤В ╨║╨╗╨╛╨║╨╕ ╨╛╤В BT-╨╝╨╛╨┤╤Г╨╗╤П)
[K530_BT] BT toggle = ON, host_slot = 3
[K530_BT] WINDOW32: 00 00 00 00 00 00 00 00 00 00 00 00 64 00 00 00 00 00 00 00 00 00 0D A2 A7 00 00 00 03 FF 00 64
[K530_BT] TASK A7..0C len=8: A7 00 00 00 03 FF 00 64
[K530_BT] RAW stream (64 bytes, no framing): A2 A7 00 00 00 03 FF 00 64 00 00 00 00 00 00 00 00 00 00 00 00 00 00 00 00 00 00 00 00 00 00 00 00 00 00 00 00 00 00 0D A2 A7 00 00 00 03 FF 00 64 00 00 00 00 00 00 00 00 00 00 00 00 00 00 00
[K530_BT] WINDOW32: 00 00 00 00 00 00 00 00 00 00 0D 00 00 00 00 00 00 00 00 00 00 00 00 00 00 00 00 00 00 00 00 0D
[K530_BT] WINDOW32: 00 00 00 00 00 00 00 00 00 00 00 00 00 00 00 00 00 00 00 00 00 00 00 00 00 0D 00 00 00 00 00 00
[K530_BT] WINDOW32: 00 00 00 00 00 00 00 00 00 00 0D 00 00 00 00 00 00 00 00 00 00 00 00 00 00 00 00 00 00 00 00 0D
[K530_BT] SPI0 IRQ count = 6800 (╤А╨░╤Б╤В╤С╤В тАФ ╨┐╨╡╤А╨╕╤Д╨╡╤А╨╕╤П ╨▓╨╕╨┤╨╕╤В ╨║╨╗╨╛╨║╨╕ ╨╛╤В BT-╨╝╨╛╨┤╤Г╨╗╤П)
[K530_BT] BT toggle = ON, host_slot = 3
[K530_BT] WINDOW32: 00 0D A2 A7 00 00 00 03 FF 00 00 03 FF 00 64 00 00 00 00 00 00 00 00 00 00 00 00 00 A7 00 00 00
[K530_BT] TASK A7..0C len=29: A7 00 00 00 03 FF 00 00 03 FF 00 64 00 00 00 00 00 00 00 00 00 00 00 00 00 A7 00 00 00
[K530_BT] RAW stream (64 bytes, no framing): A2 A7 00 00 00 03 FF 00 64 00 00 00 00 00 00 00 00 00 00 00 00 00 00 00 00 00 00 00 00 00 00 00 00 00 00 00 00 00 00 0D A2 A7 00 00 00 03 FF 00 64 00 00 00 00 00 00 00 00 00 00 00 00 00 00 00
[K530_BT] WINDOW32: 00 00 00 00 00 00 00 00 00 00 0D 00 00 00 00 00 00 00 00 00 00 00 00 00 00 00 00 00 00 00 00 0D
[K530_BT] WINDOW32: 00 00 00 00 00 00 00 00 00 00 00 00 00 00 00 00 00 00 00 00 00 00 0D 00 00 00 00 00 00 00 00 00
[K530_BT] WINDOW32: 00 00 00 00 00 00 00 00 00 00 0D 00 00 00 00 00 00 00 00 00 00 00 00 00 00 00 00 00 00 00 00 0D
[K530_BT] SPI0 IRQ count = 6880 (╤А╨░╤Б╤В╤С╤В тАФ ╨┐╨╡╤А╨╕╤Д╨╡╤А╨╕╤П ╨▓╨╕╨┤╨╕╤В ╨║╨╗╨╛╨║╨╕ ╨╛╤В BT-╨╝╨╛╨┤╤Г╨╗╤П)
[K530_BT] BT toggle = ON, host_slot = 3
[K530_BT] RAW stream (64 bytes, no framing): A2 A7 00 00 00 03 FF 00 64 00 00 00 00 00 00 00 00 00 00 00 00 00 00 00 00 00 00 00 00 00 00 00 00 00 00 00 00 00 00 0D A2 A7 00 00 00 03 FF 00 64 00 00 00 00 00 00 00 00 00 00 00 00 00 00 00
[K530_BT] WINDOW32: 00 00 00 00 00 00 00 00 00 00 0D 00 00 00 00 00 00 00 00 00 00 00 00 00 00 00 00 00 00 00 00 0D
[K530_BT] RAW stream (64 bytes, no framing): 00 00 00 00 00 00 00 00 00 00 00 0D A2 A7 00 00 00 03 FF 00 64 00 00 00 00 00 00 00 00 00 00 00 00 00 00 00 00 00 00 00 00 00 00 00 00 00 00 00 00 00 00 0D A2 A7 00 00 00 03 FF 00 64 00 00 00
[K530_BT] WINDOW32: 00 00 00 00 00 00 00 00 00 00 00 00 00 00 00 00 00 00 00 00 00 0D 00 00 00 00 00 00 00 00 00 00
[K530_BT] WINDOW32: 00 00 00 00 00 00 00 00 00 00 0D 00 00 00 00 00 00 00 00 00 00 00 00 00 00 00 00 00 00 00 00 0D
[K530_BT] SPI0 IRQ count = 7040 (╤А╨░╤Б╤В╤С╤В тАФ ╨┐╨╡╤А╨╕╤Д╨╡╤А╨╕╤П ╨▓╨╕╨┤╨╕╤В ╨║╨╗╨╛╨║╨╕ ╨╛╤В BT-╨╝╨╛╨┤╤Г╨╗╤П)
[K530_BT] BT toggle = ON, host_slot = 3
[K530_BT] WINDOW32: 00 00 00 00 00 00 00 00 0D 00 00 00 0D 00 00 00 00 00 00 00 00 00 00 00 00 00 00 00 00 00 00 00
[K530_BT] RAW stream (64 bytes, no framing): A2 A7 00 00 00 03 FF 00 64 00 00 00 00 00 00 00 00 00 00 00 00 00 00 00 00 00 00 00 00 00 00 00 00 00 00 00 00 00 00 0D A2 A7 00 00 00 03 FF 00 64 00 00 00 00 00 00 00 00 00 00 00 00 00 00 00
[K530_BT] WINDOW32: 00 00 00 00 00 00 0D 00 00 00 0D 00 00 00 00 00 00 00 00 00 00 00 00 00 00 00 00 00 00 00 00 0D
[K530_BT] WINDOW32: 00 00 00 00 00 00 00 00 00 00 00 00 00 00 00 00 00 00 00 00 00 00 0D 00 00 00 00 00 00 00 00 00
[K530_BT] WINDOW32: 00 00 00 00 00 00 0D 00 00 00 0D 00 00 00 00 00 00 00 00 00 00 00 00 00 00 00 00 00 00 00 00 0D
[K530_BT] SPI0 IRQ count = 7120 (╤А╨░╤Б╤В╤С╤В тАФ ╨┐╨╡╤А╨╕╤Д╨╡╤А╨╕╤П ╨▓╨╕╨┤╨╕╤В ╨║╨╗╨╛╨║╨╕ ╨╛╤В BT-╨╝╨╛╨┤╤Г╨╗╤П)
[K530_BT] BT toggle = ON, host_slot = 3
[K530_BT] RAW stream (64 bytes, no framing): A2 A7 00 00 00 03 FF 00 64 00 00 00 00 00 00 00 00 00 00 00 00 00 00 00 00 00 00 00 00 00 00 00 00 00 00 00 00 00 00 0D A2 A7 00 00 00 03 FF 00 64 00 00 00 00 00 00 00 00 00 00 00 00 00 00 00
[K530_BT] WINDOW32: 00 00 00 00 00 00 00 00 00 00 0D 00 00 00 00 00 00 00 00 00 00 00 00 00 00 00 00 00 00 00 00 0D
[K530_BT] WINDOW32: 00 A2 A7 00 00 00 03 FF 00 00 03 FF 00 64 00 00 00 00 00 00 00 00 00 00 00 0D A2 A7 00 00 00 03
[K530_BT] TASK A7..0C len=30: A7 00 00 00 03 FF 00 00 03 FF 00 64 00 00 00 00 00 00 00 00 00 00 00 0D A2 A7 00 00 00 03
[K530_BT] RAW stream (64 bytes, no framing): 00 00 00 00 00 00 00 00 00 00 00 0D A2 A7 00 00 00 03 FF 00 64 00 00 00 00 00 00 00 00 00 00 00 00 00 00 00 00 00 00 00 00 00 00 00 00 00 00 00 00 00 00 0D A2 A7 00 00 00 03 FF 00 64 00 00 00
[K530_BT] WINDOW32: 00 00 00 00 00 00 00 00 00 00 0D 00 00 00 00 00 00 00 00 00 00 00 00 00 00 00 00 00 00 00 00 0D
[K530_BT] SPI0 IRQ count = 7280 (╤А╨░╤Б╤В╤С╤В тАФ ╨┐╨╡╤А╨╕╤Д╨╡╤А╨╕╤П ╨▓╨╕╨┤╨╕╤В ╨║╨╗╨╛╨║╨╕ ╨╛╤В BT-╨╝╨╛╨┤╤Г╨╗╤П)
[K530_BT] BT toggle = ON, host_slot = 3
[K530_BT] WINDOW32: 02 FF 00 64 00 00 00 64 00 00 00 00 00 00 00 00 00 0C 00 00 00 00 00 00 00 00 00 00 00 00 00 00
[K530_BT] WINDOW32: 00 00 00 00 00 00 00 00 00 00 0C 00 00 00 00 00 00 00 00 00 00 00 00 00 00 00 00 00 00 00 00 0C
[K530_BT] RAW stream (64 bytes, no framing): 20 A7 00 00 00 02 FF 00 64 00 00 00 00 00 00 00 00 00 00 00 00 00 00 00 00 00 00 00 00 00 00 00 00 00 00 00 00 00 00 0C 20 A7 00 00 00 02 FF 00 64 00 00 00 00 00 00 00 00 00 00 00 00 00 00 00
[K530_BT] WINDOW32: 00 00 00 00 00 00 00 00 00 00 0C 00 00 00 00 00 00 00 00 00 00 00 00 00 00 00 00 00 00 00 00 0C
[K530_BT] RAW stream (64 bytes, no framing): 20 A7 00 00 00 02 FF 00 64 00 00 00 00 00 00 00 00 00 00 00 00 00 00 00 00 00 00 00 00 00 00 00 00 00 00 00 00 00 00 0C 20 A7 00 00 00 02 FF 00 64 00 00 00 00 00 00 00 00 00 00 00 00 00 00 00
[K530_BT] WINDOW32: 00 00 00 00 00 00 0C 00 00 00 0C 00 00 00 00 00 00 00 00 00 00 00 00 00 00 00 00 00 00 00 00 0C
[K530_BT] RAW stream (64 bytes, no framing): 20 A7 00 00 00 02 FF 00 64 00 00 00 00 00 00 00 00 00 00 00 00 00 00 00 00 00 00 00 00 00 00 00 00 00 00 00 00 00 00 0C 20 A7 00 00 00 02 FF 00 64 00 00 00 00 00 00 00 00 00 00 00 00 00 00 00
[K530_BT] WINDOW32: 00 00 00 00 00 00 00 00 00 00 0C 00 00 00 00 00 00 00 00 00 00 00 00 00 00 00 00 00 00 00 00 0C
[K530_BT] RAW stream (64 bytes, no framing): 20 A7 00 00 00 02 FF 00 64 00 00 00 00 00 00 00 00 00 00 00 00 00 00 00 00 00 00 00 00 00 00 00 00 00 00 00 00 00 00 0C 20 A7 00 00 00 02 FF 00 64 00 00 00 00 00 00 00 00 00 00 00 00 00 00 00
[K530_BT] WINDOW32: 00 00 00 00 00 00 00 00 00 00 0C 00 00 00 00 00 00 00 00 00 00 00 00 00 00 00 00 00 00 00 00 0C
[K530_BT] WINDOW32: 00 00 00 00 00 00 00 00 00 0C A2 A7 00 00 00 00 00 00 00 00 00 00 00 00 00 00 00 00 00 00 0C A2
[K530_BT] TASK A7..0C len=20: A7 00 00 00 00 00 00 00 00 00 00 00 00 00 00 00 00 00 00 0C
[K530_BT] RAW stream (64 bytes, no framing): 20 A7 00 00 00 02 FF 00 64 00 00 00 00 00 00 00 00 00 00 00 00 00 00 00 00 00 00 00 00 00 00 00 00 00 00 00 00 00 00 0C A2 A7 00 00 00 02 FF 00 64 00 00 00 00 00 00 00 00 00 00 00 00 00 00 00
[K530_BT] WINDOW32: 00 00 00 00 00 00 00 00 00 00 0C 00 00 00 00 00 00 00 00 00 00 00 00 00 00 00 00 00 00 00 00 0C
[K530_BT] WINDOW32: 00 00 00 00 00 00 00 00 00 0C A2 A7 00 00 00 02 FF 00 64 00 00 00 00 00 00 00 00 00 00 00 0C A2
[K530_BT] TASK A7..0C len=20: A7 00 00 00 02 FF 00 64 00 00 00 00 00 00 00 00 00 00 00 0C
[K530_BT] WINDOW32: 00 00 00 00 00 00 00 00 00 00 0C 00 00 00 00 00 00 00 00 00 00 00 00 00 00 00 00 00 00 00 00 0C
[K530_BT] SPI0 IRQ count = 7840 (╤А╨░╤Б╤В╤С╤В тАФ ╨┐╨╡╤А╨╕╤Д╨╡╤А╨╕╤П ╨▓╨╕╨┤╨╕╤В ╨║╨╗╨╛╨║╨╕ ╨╛╤В BT-╨╝╨╛╨┤╤Г╨╗╤П)
[K530_BT] BT toggle = ON, host_slot = 3
[K530_BT] WINDOW32: 00 00 00 00 00 00 00 00 00 0C A2 A7 00 00 00 02 FF 00 64 00 00 00 00 00 00 00 00 00 00 00 0C A2
[K530_BT] TASK A7..0C len=20: A7 00 00 00 02 FF 00 64 00 00 00 00 00 00 00 00 00 00 00 0C
[K530_BT] RAW stream (64 bytes, no framing): A2 A7 00 00 00 02 FF 00 64 00 00 00 00 00 00 00 00 00 00 00 00 00 00 00 00 00 00 00 00 00 00 00 00 00 00 00 00 00 00 0C A2 A7 00 00 00 02 FF 00 64 00 00 00 00 00 00 00 00 00 00 00 00 00 00 00
[K530_BT] WINDOW32: 00 00 00 00 00 00 00 00 00 00 0C 00 00 00 00 00 00 00 00 00 00 00 00 00 00 00 00 00 00 00 00 0C
[K530_BT] WINDOW32: 00 00 00 00 00 00 00 00 00 0C A2 A7 00 00 00 02 FF 00 64 00 00 00 00 00 00 00 00 00 00 00 0C A2
[K530_BT] TASK A7..0C len=20: A7 00 00 00 02 FF 00 64 00 00 00 00 00 00 00 00 00 00 00 0C
[K530_BT] WINDOW32: 00 00 00 00 00 00 0C 00 00 00 0C 00 00 00 00 00 00 00 00 00 00 00 00 00 00 00 00 00 00 00 00 0C
[K530_BT] SPI0 IRQ count = 7920 (╤А╨░╤Б╤В╤С╤В тАФ ╨┐╨╡╤А╨╕╤Д╨╡╤А╨╕╤П ╨▓╨╕╨┤╨╕╤В ╨║╨╗╨╛╨║╨╕ ╨╛╤В BT-╨╝╨╛╨┤╤Г╨╗╤П)
[K530_BT] BT toggle = ON, host_slot = 3
[K530_BT] WINDOW32: A2 A7 00 00 00 02 FF 00 64 00 00 00 00 00 00 00 00 00 00 00 0C A2 A7 00 00 00 02 FF 00 64 00 00
[K530_BT] TASK A7..0C len=20: A7 00 00 00 02 FF 00 64 00 00 00 00 00 00 00 00 00 00 00 0C
[K530_BT] RAW stream (64 bytes, no framing): A2 A7 00 00 00 02 FF 00 64 00 00 00 00 00 00 00 00 00 00 00 00 00 00 00 00 00 00 00 00 00 00 00 00 00 00 00 00 00 00 0C A2 A7 00 00 00 02 FF 00 64 00 00 00 00 00 00 00 00 00 00 00 00 00 00 00
[K530_BT] WINDOW32: 00 00 00 00 00 00 00 00 00 00 0C 00 00 00 00 00 00 00 00 00 00 00 00 00 00 00 00 00 00 00 00 0C
[K530_BT] WINDOW32: 00 00 00 00 00 00 00 00 00 0C A2 A7 00 00 00 00 00 00 00 00 00 00 00 00 00 00 00 00 00 00 0C A2
[K530_BT] TASK A7..0C len=20: A7 00 00 00 00 00 00 00 00 00 00 00 00 00 00 00 00 00 00 0C
[K530_BT] WINDOW32: 00 00 00 00 00 00 00 00 00 00 0C 00 00 00 00 00 00 00 00 00 00 00 00 00 00 00 00 00 00 00 00 0C
[K530_BT] SPI0 IRQ count = 8080 (╤А╨░╤Б╤В╤С╤В тАФ ╨┐╨╡╤А╨╕╤Д╨╡╤А╨╕╤П ╨▓╨╕╨┤╨╕╤В ╨║╨╗╨╛╨║╨╕ ╨╛╤В BT-╨╝╨╛╨┤╤Г╨╗╤П)
[K530_BT] BT toggle = ON, host_slot = 3
[K530_BT] WINDOW32: 00 00 00 00 00 00 00 00 00 0C A2 A7 00 00 00 00 00 00 00 00 00 00 00 00 00 00 00 00 00 00 0C A2
[K530_BT] TASK A7..0C len=20: A7 00 00 00 00 00 00 00 00 00 00 00 00 00 00 00 00 00 00 0C
[K530_BT] RAW stream (64 bytes, no framing): A2 A7 00 00 00 02 FF 00 64 00 00 00 00 00 00 00 00 00 00 00 00 00 00 00 00 00 00 00 00 00 00 00 00 00 00 00 00 00 00 0C A2 A7 00 00 00 02 FF 00 64 00 00 00 00 00 00 00 00 00 00 00 00 00 00 00
[K530_BT] WINDOW32: 00 00 00 00 00 00 00 00 00 00 0C 00 00 00 00 00 00 00 00 00 00 00 00 00 00 00 00 00 00 00 00 0C
[K530_BT] WINDOW32: FF 00 64 00 00 00 64 00 00 00 00 00 00 00 00 00 00 00 0C A2 A7 00 00 00 02 FF 00 64 00 00 00 00
[K530_BT] TASK A7..0C len=12: A7 00 00 00 02 FF 00 64 00 00 00 00
[K530_BT] WINDOW32: 00 00 00 00 00 00 00 00 00 00 0C 00 00 00 00 00 00 00 00 00 00 00 00 00 00 00 00 00 00 00 00 0C
[K530_BT] SPI0 IRQ count = 8160 (╤А╨░╤Б╤В╤С╤В тАФ ╨┐╨╡╤А╨╕╤Д╨╡╤А╨╕╤П ╨▓╨╕╨┤╨╕╤В ╨║╨╗╨╛╨║╨╕ ╨╛╤В BT-╨╝╨╛╨┤╤Г╨╗╤П)
[K530_BT] BT toggle = ON, host_slot = 3
[K530_BT] WINDOW32: 00 00 00 00 00 00 00 00 00 0C A2 A7 00 00 00 00 00 00 00 00 00 00 00 00 00 00 00 00 00 00 0C A2
[K530_BT] TASK A7..0C len=20: A7 00 00 00 00 00 00 00 00 00 00 00 00 00 00 00 00 00 00 0C
[K530_BT] RAW stream (64 bytes, no framing): A2 A7 00 00 00 02 FF 00 64 00 00 00 00 00 00 00 00 00 00 00 00 00 00 00 00 00 00 00 00 00 00 00 00 00 00 00 00 00 00 0C A2 A7 00 00 00 02 FF 00 64 00 00 00 00 00 00 00 00 00 00 00 00 00 00 00
[K530_BT] WINDOW32: 00 00 00 00 00 00 00 00 00 00 0C 00 00 00 00 00 00 00 00 00 00 00 00 00 00 00 00 00 00 00 00 0C
[K530_BT] WINDOW32: 00 00 00 00 00 00 00 00 00 0C A2 A7 00 00 00 02 FF 00 64 00 00 00 00 00 00 00 00 00 00 00 0C A2
[K530_BT] TASK A7..0C len=20: A7 00 00 00 02 FF 00 64 00 00 00 00 00 00 00 00 00 00 00 0C
[K530_BT] WINDOW32: 00 00 00 00 00 00 0C 00 00 00 0C 00 00 00 00 00 00 00 00 00 00 00 00 00 00 00 00 00 00 00 00 0C
[K530_BT] SPI0 IRQ count = 8320 (╤А╨░╤Б╤В╤С╤В тАФ ╨┐╨╡╤А╨╕╤Д╨╡╤А╨╕╤П ╨▓╨╕╨┤╨╕╤В ╨║╨╗╨╛╨║╨╕ ╨╛╤В BT-╨╝╨╛╨┤╤Г╨╗╤П)
[K530_BT] BT toggle = ON, host_slot = 3
[K530_BT] WINDOW32: 00 00 00 00 00 0C 00 00 00 0C A2 A7 00 00 00 02 FF 00 64 00 00 00 00 00 00 00 00 00 00 00 0C A2
[K530_BT] TASK A7..0C len=20: A7 00 00 00 02 FF 00 64 00 00 00 00 00 00 00 00 00 00 00 0C
[K530_BT] RAW stream (64 bytes, no framing): A2 A7 00 00 00 02 FF 00 64 00 00 00 00 00 00 00 00 00 00 00 00 00 00 00 00 00 00 00 00 00 00 00 00 00 00 00 00 00 00 0C A2 A7 00 00 00 02 FF 00 64 00 00 00 00 00 00 00 00 00 00 00 00 00 00 00
[K530_BT] WINDOW32: 00 00 00 00 00 00 0C 00 00 00 0C 00 00 00 00 00 00 00 00 00 00 00 00 00 00 00 00 00 00 00 00 0C
[K530_BT] WINDOW32: 00 00 00 00 00 0C A2 A7 00 0C A2 A7 00 00 00 02 FF 00 64 00 00 00 00 00 00 00 00 00 00 00 0C A2
[K530_BT] TASK A7..0C len=3: A7 00 0C
[K530_BT] WINDOW32: 00 00 00 00 00 00 0C 00 00 00 00 00 00 00 00 00 00 00 00 00 00 00 00 00 00 00 00 00 00 00 00 0C
[K530_BT] SPI0 IRQ count = 8400 (╤А╨░╤Б╤В╤С╤В тАФ ╨┐╨╡╤А╨╕╤Д╨╡╤А╨╕╤П ╨▓╨╕╨┤╨╕╤В ╨║╨╗╨╛╨║╨╕ ╨╛╤В BT-╨╝╨╛╨┤╤Г╨╗╤П)
[K530_BT] BT toggle = ON, host_slot = 3
[K530_BT] WINDOW32: 00 00 00 00 00 0C A2 A7 00 00 A2 A7 00 00 00 02 FF 00 64 00 00 00 00 00 00 00 00 00 0C 00 00 00
[K530_BT] TASK A7..0C len=22: A7 00 00 A2 A7 00 00 00 02 FF 00 64 00 00 00 00 00 00 00 00 00 0C
[K530_BT] RAW stream (64 bytes, no framing): A2 A7 00 00 00 02 FF 00 64 00 00 00 00 00 00 00 00 00 00 00 00 00 00 00 00 00 00 00 00 00 00 00 00 00 00 00 00 00 00 0C A2 A7 00 00 00 02 FF 00 64 00 00 00 00 00 00 00 00 00 00 00 00 00 00 00
[K530_BT] WINDOW32: 00 00 00 00 00 00 00 00 00 00 0C 00 00 00 00 00 00 00 00 00 00 00 00 00 00 00 00 00 00 00 00 0C
[K530_BT] WINDOW32: 02 00 00 00 02 FF 00 64 00 00 00 00 00 00 00 00 00 00 00 0C A2 A7 00 00 00 02 FF 00 64 00 00 00
[K530_BT] TASK A7..0C len=11: A7 00 00 00 02 FF 00 64 00 00 00
[K530_BT] RAW stream (64 bytes, no framing): A2 A7 00 00 00 02 FF 00 64 00 00 00 00 00 00 00 00 00 00 00 00 00 00 00 00 00 00 00 00 00 00 00 00 00 00 00 00 00 00 0C A2 A7 00 00 00 02 FF 00 64 00 00 00 00 00 00 00 00 00 00 00 00 00 00 00
[K530_BT] WINDOW32: 00 00 00 00 00 00 00 00 00 00 0C 00 00 00 00 00 00 00 00 00 00 00 00 00 00 00 00 00 00 00 00 0C
[K530_BT] SPI0 IRQ count = 8560 (╤А╨░╤Б╤В╤С╤В тАФ ╨┐╨╡╤А╨╕╤Д╨╡╤А╨╕╤П ╨▓╨╕╨┤╨╕╤В ╨║╨╗╨╛╨║╨╕ ╨╛╤В BT-╨╝╨╛╨┤╤Г╨╗╤П)
[K530_BT] BT toggle = ON, host_slot = 3
[K530_BT] WINDOW32: 00 00 02 FF 00 64 00 00 00 64 00 00 00 00 00 00 00 00 00 00 00 00 00 00 00 00 00 00 FF 00 64 00
[K530_BT] WINDOW32: 00 00 00 00 00 00 00 00 00 00 0C 00 00 00 00 00 00 00 00 00 00 00 00 00 00 00 00 00 00 00 00 0C
[K530_BT] WINDOW32: 00 00 00 00 00 00 00 00 00 0C A2 A7 00 00 00 02 FF 00 64 00 00 00 00 00 00 00 00 00 00 00 0C A2
[K530_BT] TASK A7..0C len=20: A7 00 00 00 02 FF 00 64 00 00 00 00 00 00 00 00 00 00 00 0C
[K530_BT] RAW stream (64 bytes, no framing): A2 A7 00 00 00 02 FF 00 64 00 00 00 00 00 00 00 00 00 00 00 00 00 00 00 00 00 00 00 00 00 00 00 00 00 00 00 00 00 00 0C A2 A7 00 00 00 02 FF 00 64 00 00 00 00 00 00 00 00 00 00 00 00 00 00 00
[K530_BT] WINDOW32: 00 00 00 00 00 00 00 00 00 00 0C 00 00 00 00 00 00 00 00 00 00 00 00 00 00 00 00 00 00 00 00 0C
[K530_BT] SPI0 IRQ count = 8640 (╤А╨░╤Б╤В╤С╤В тАФ ╨┐╨╡╤А╨╕╤Д╨╡╤А╨╕╤П ╨▓╨╕╨┤╨╕╤В ╨║╨╗╨╛╨║╨╕ ╨╛╤В BT-╨╝╨╛╨┤╤Г╨╗╤П)
[K530_BT] BT toggle = ON, host_slot = 3
[K530_BT] WINDOW32: 00 00 00 00 00 00 00 00 00 0C A2 A7 00 00 00 02 FF 00 64 00 00 00 00 00 00 00 00 00 00 00 0C A2
[K530_BT] TASK A7..0C len=20: A7 00 00 00 02 FF 00 64 00 00 00 00 00 00 00 00 00 00 00 0C
[K530_BT] WINDOW32: 00 00 00 00 00 00 00 00 00 00 0C 00 00 00 00 00 00 00 00 00 00 00 00 00 00 00 00 00 00 00 00 0C
[K530_BT] WINDOW32: 00 00 00 00 00 00 00 00 00 0C A2 A7 00 00 00 02 FF 00 64 00 00 00 00 00 00 00 00 00 00 00 0C A2
[K530_BT] TASK A7..0C len=20: A7 00 00 00 02 FF 00 64 00 00 00 00 00 00 00 00 00 00 00 0C
[K530_BT] RAW stream (64 bytes, no framing): A2 A7 00 00 00 02 FF 00 64 00 00 00 00 00 00 00 00 00 00 00 00 00 00 00 00 00 00 00 00 00 00 00 00 00 00 00 00 00 00 0C A2 A7 00 00 00 02 FF 00 64 00 00 00 00 00 00 00 00 00 00 00 00 00 00 00
[K530_BT] WINDOW32: 00 00 00 00 00 00 0C 00 00 00 0C 00 00 00 00 00 00 00 00 00 00 00 00 00 00 00 00 00 00 00 00 0C
[K530_BT] SPI0 IRQ count = 8800 (╤А╨░╤Б╤В╤С╤В тАФ ╨┐╨╡╤А╨╕╤Д╨╡╤А╨╕╤П ╨▓╨╕╨┤╨╕╤В ╨║╨╗╨╛╨║╨╕ ╨╛╤В BT-╨╝╨╛╨┤╤Г╨╗╤П)
[K530_BT] BT toggle = ON, host_slot = 3
[K530_BT] WINDOW32: 00 00 00 00 00 0C A2 A7 00 0C A2 A7 00 00 00 02 FF 00 64 00 00 00 00 00 00 00 00 00 00 00 0C A2
[K530_BT] TASK A7..0C len=3: A7 00 0C
[K530_BT] WINDOW32: 00 00 00 00 00 00 00 00 00 00 0C 00 00 00 00 00 00 00 00 00 00 00 00 00 00 00 00 00 00 00 00 0C
[K530_BT] WINDOW32: 00 A7 00 00 00 02 FF 00 64 00 00 00 00 00 00 00 00 00 00 00 0C A2 A7 00 00 00 02 FF 00 64 00 00
[K530_BT] TASK A7..0C len=20: A7 00 00 00 02 FF 00 64 00 00 00 00 00 00 00 00 00 00 00 0C
[K530_BT] RAW stream (64 bytes, no framing): A2 A7 00 00 00 02 FF 00 64 00 00 00 00 00 00 00 00 00 00 00 00 00 00 00 00 00 00 00 00 00 00 00 00 00 00 00 00 00 00 0C A2 A7 00 00 00 02 FF 00 64 00 00 00 00 00 00 00 00 00 00 00 00 00 00 00
[K530_BT] WINDOW32: 00 00 00 00 00 00 00 00 00 00 0C 00 00 00 00 00 00 00 00 00 00 00 00 00 00 00 00 00 00 00 00 0C
[K530_BT] WINDOW32: 00 00 00 00 00 00 00 00 00 00 0C 00 00 00 00 00 00 00 00 00 00 00 00 00 00 00 00 00 00 00 00 0C
[K530_BT] SPI0 IRQ count = 8920 (╤А╨░╤Б╤В╤С╤В тАФ ╨┐╨╡╤А╨╕╤Д╨╡╤А╨╕╤П ╨▓╨╕╨┤╨╕╤В ╨║╨╗╨╛╨║╨╕ ╨╛╤В BT-╨╝╨╛╨┤╤Г╨╗╤П)
[K530_BT] BT toggle = ON, host_slot = 3
[K530_BT] RAW stream (64 bytes, no framing): 20 A7 00 00 00 02 FF 00 64 00 00 00 00 00 00 00 00 00 00 00 00 00 00 00 00 00 00 00 00 00 00 00 00 00 00 00 00 00 00 0C 20 A7 00 00 00 02 FF 00 64 00 00 00 00 00 00 00 00 00 00 00 00 00 00 00
[K530_BT] WINDOW32: 00 00 00 00 00 00 00 00 00 00 0C 00 00 00 00 00 00 00 00 00 00 00 00 00 00 00 00 00 00 00 00 0C
[K530_BT] RAW stream (64 bytes, no framing): 20 A7 00 00 00 02 FF 00 64 00 00 00 00 00 00 00 00 00 00 00 00 00 00 00 00 00 00 00 00 00 00 00 00 00 00 00 00 00 00 0C 20 A7 00 00 00 02 FF 00 64 00 00 00 00 00 00 00 00 00 00 00 00 00 00 00
[K530_BT] WINDOW32: 00 00 00 00 00 00 00 00 00 00 0C 00 00 00 00 00 00 00 00 00 00 00 00 00 00 00 00 00 00 00 00 0C
[K530_BT] RAW stream (64 bytes, no framing): 20 A7 00 00 00 02 FF 00 64 00 00 00 00 00 00 00 00 00 00 00 00 00 00 00 00 00 00 00 00 00 00 00 00 00 00 00 00 00 00 0C 20 A7 00 00 00 02 FF 00 64 00 00 00 00 00 00 00 00 00 00 00 00 00 00 00
[K530_BT] WINDOW32: 00 00 00 00 00 00 0C 00 00 00 00 00 00 00 00 00 00 00 00 00 00 00 00 00 00 00 00 00 00 00 00 0C
[K530_BT] RAW stream (64 bytes, no framing): 20 A7 00 00 00 02 FF 00 64 00 00 00 00 00 00 00 00 00 00 00 00 00 00 00 00 00 00 00 00 00 00 00 00 00 00 00 00 00 00 0C 20 A7 00 00 00 02 FF 00 64 00 00 00 00 00 00 00 00 00 00 00 00 00 00 00
[K530_BT] WINDOW32: 00 00 00 00 00 00 00 00 00 00 0C 00 00 00 00 00 00 00 00 00 00 00 00 00 00 00 00 00 00 00 00 0C
[K530_BT] RAW stream (64 bytes, no framing): 20 A7 00 00 00 02 FF 00 64 00 00 00 00 00 00 00 00 00 00 00 00 00 00 00 00 00 00 00 00 00 00 00 00 00 00 00 00 00 00 0C 20 A7 00 00 00 03 FF 00 64 00 00 00 00 00 00 00 00 00 00 00 00 00 00 00
[K530_BT] WINDOW32: 00 00 00 00 00 00 00 00 00 00 0D 00 00 00 00 00 00 00 00 00 00 00 00 00 00 00 00 00 00 00 00 0D
[K530_BT] RAW stream (64 bytes, no framing): 20 A7 00 00 00 03 FF 00 64 00 00 00 00 00 00 00 00 00 00 00 00 00 00 00 00 00 00 00 00 00 00 00 00 00 00 00 00 00 00 0D 20 A7 00 00 00 03 FF 00 64 00 00 00 00 00 00 00 00 00 00 00 00 00 00 00
[K530_BT] WINDOW32: 00 00 00 00 00 00 00 00 00 00 0D 00 00 00 00 00 00 00 00 00 00 00 00 00 00 00 00 00 00 00 00 0D
[K530_BT] RAW stream (64 bytes, no framing): 20 A7 00 00 00 03 FF 00 64 00 00 00 00 00 00 00 00 00 00 00 00 00 00 00 00 00 00 00 00 00 00 00 00 00 00 00 00 00 00 0D 20 A7 00 00 00 03 FF 00 64 00 00 00 00 00 00 00 00 00 00 00 00 00 00 00
[K530_BT] WINDOW32: 00 00 00 00 00 00 0D 00 00 00 0D 00 00 00 00 00 00 00 00 00 00 00 00 00 00 00 00 00 00 00 00 0D
[K530_BT] RAW stream (64 bytes, no framing): 20 A7 00 00 00 03 FF 00 64 00 00 00 00 00 00 00 00 00 00 00 00 00 00 00 00 00 00 00 00 00 00 00 00 00 00 00 00 00 00 0D 20 A7 00 00 00 03 FF 00 64 00 00 00 00 00 00 00 00 00 00 00 00 00 00 00
[K530_BT] WINDOW32: 00 00 00 00 00 00 00 00 00 00 0D 00 00 00 00 00 00 00 00 00 00 00 00 00 00 00 00 00 00 00 00 0D
[K530_BT] RAW stream (64 bytes, no framing): 20 A7 00 00 00 03 FF 00 64 00 00 00 00 00 00 00 00 00 00 00 00 00 00 00 00 00 00 00 00 00 00 00 00 00 00 00 00 00 00 0D 20 A7 00 00 00 03 FF 00 64 00 00 00 00 00 00 00 00 00 00 00 00 00 00 00
[K530_BT] WINDOW32: 03 FF 00 64 00 00 00 00 00 00 00 00 00 00 00 0D A2 00 00 00 00 00 00 00 64 00 00 00 00 00 00 00
[K530_BT] RAW stream (64 bytes, no framing): A2 A7 00 00 00 03 FF 00 64 00 00 00 00 00 00 00 00 00 00 00 00 00 00 00 00 00 00 00 00 00 00 00 00 00 00 00 00 00 00 0D A2 A7 00 00 00 03 FF 00 64 00 00 00 00 00 00 00 00 00 00 00 00 00 00 00
[K530_BT] WINDOW32: 00 00 00 00 00 00 00 00 00 00 0D 00 00 00 00 00 00 00 00 00 00 00 00 00 00 00 00 00 00 00 00 0D
[K530_BT] WINDOW32: 00 00 00 00 00 00 00 00 00 00 00 00 00 00 00 00 00 00 00 00 00 0D 00 00 00 00 00 00 00 00 00 00
[K530_BT] WINDOW32: 00 00 00 00 00 00 00 00 00 00 0D 00 00 00 00 00 00 00 00 00 00 00 00 00 00 00 00 00 00 00 00 0D
[K530_BT] SPI0 IRQ count = 9880 (╤А╨░╤Б╤В╤С╤В тАФ ╨┐╨╡╤А╨╕╤Д╨╡╤А╨╕╤П ╨▓╨╕╨┤╨╕╤В ╨║╨╗╨╛╨║╨╕ ╨╛╤В BT-╨╝╨╛╨┤╤Г╨╗╤П)
[K530_BT] BT toggle = ON, host_slot = 3
[K530_BT] RAW stream (64 bytes, no framing): A2 A7 00 00 00 03 FF 00 64 00 00 00 00 00 00 00 00 00 00 00 00 00 00 00 00 00 00 00 00 00 00 00 00 00 00 00 00 00 00 0D A2 A7 00 00 00 03 FF 00 64 00 00 00 00 00 00 00 00 00 00 00 00 00 00 00
[K530_BT] WINDOW32: 00 00 00 00 00 00 00 00 00 00 0D 00 00 00 00 00 00 00 00 00 00 00 00 00 00 00 00 00 00 00 00 0D
[K530_BT] WINDOW32: 64 00 00 00 00 00 00 00 00 00 00 00 00 00 0D 00 00 00 00 00 00 00 00 00 00 00 00 00 00 00 00 00
[K530_BT] WINDOW32: 00 00 00 00 00 00 00 00 00 00 0D 00 00 00 00 00 00 00 00 00 00 00 00 00 00 00 00 00 00 00 00 0D
[K530_BT] SPI0 IRQ count = 9960 (╤А╨░╤Б╤В╤С╤В тАФ ╨┐╨╡╤А╨╕╤Д╨╡╤А╨╕╤П ╨▓╨╕╨┤╨╕╤В ╨║╨╗╨╛╨║╨╕ ╨╛╤В BT-╨╝╨╛╨┤╤Г╨╗╤П)
[K530_BT] BT toggle = ON, host_slot = 3
[K530_BT] RAW stream (64 bytes, no framing): 00 00 00 00 00 00 00 00 00 00 0D A2 A7 00 00 00 03 FF 00 64 00 00 00 00 00 00 00 00 00 00 00 00 00 00 00 00 00 00 00 00 00 00 00 00 00 00 00 00 00 00 0D A2 A7 00 00 00 03 FF 00 64 00 00 00 00
[K530_BT] WINDOW32: 00 00 00 00 00 00 0D 00 00 00 00 00 00 00 00 00 00 00 00 00 00 00 00 00 00 00 00 00 00 00 00 0D
[K530_BT] RAW stream (64 bytes, no framing): 00 00 00 00 00 00 00 00 00 00 00 00 00 0D A2 A7 00 00 00 03 FF 00 64 00 00 00 00 00 00 00 00 00 00 00 00 00 00 00 00 00 00 00 00 00 00 00 00 00 00 00 00 00 00 0D A2 A7 00 00 00 03 FF 00 64 00
[K530_BT] WINDOW32: FF 00 64 00 00 00 00 00 00 00 00 00 00 00 00 00 00 00 00 00 00 00 00 00 00 00 00 00 00 00 00 00
[K530_BT] WINDOW32: 00 00 00 00 00 00 00 00 00 00 0D 00 00 00 00 00 00 00 00 00 00 00 00 00 00 00 00 00 00 00 00 0D
[K530_BT] SPI0 IRQ count = 10120 (╤А╨░╤Б╤В╤С╤В тАФ ╨┐╨╡╤А╨╕╤Д╨╡╤А╨╕╤П ╨▓╨╕╨┤╨╕╤В ╨║╨╗╨╛╨║╨╕ ╨╛╤В BT-╨╝╨╛╨┤╤Г╨╗╤П)
[K530_BT] BT toggle = ON, host_slot = 3
[K530_BT] RAW stream (64 bytes, no framing): A2 A7 00 00 00 03 FF 00 64 00 00 00 00 00 00 00 00 00 00 00 00 00 00 00 00 00 00 00 00 00 00 00 00 00 00 00 00 00 00 0D A2 A7 00 00 00 03 FF 00 64 00 00 00 00 00 00 00 00 00 00 00 00 00 00 00
[K530_BT] WINDOW32: 00 00 00 00 00 00 00 00 00 00 0D 00 00 00 00 00 00 00 00 00 00 00 00 00 00 00 00 00 00 00 00 0D
[K530_BT] WINDOW32: 0D A2 A7 00 00 00 03 FF 00 00 03 FF 00 64 00 00 00 00 00 00 00 00 00 00 00 00 00 00 00 00 00 03
[K530_BT] TASK A7..0C len=30: A7 00 00 00 03 FF 00 00 03 FF 00 64 00 00 00 00 00 00 00 00 00 00 00 00 00 00 00 00 00 03
[K530_BT] WINDOW32: 00 00 00 00 00 00 00 00 00 00 0D 00 00 00 00 00 00 00 00 00 00 00 00 00 00 00 00 00 00 00 00 0D
[K530_BT] SPI0 IRQ count = 10200 (╤А╨░╤Б╤В╤С╤В тАФ ╨┐╨╡╤А╨╕╤Д╨╡╤А╨╕╤П ╨▓╨╕╨┤╨╕╤В ╨║╨╗╨╛╨║╨╕ ╨╛╤В BT-╨╝╨╛╨┤╤Г╨╗╤П)
[K530_BT] BT toggle = ON, host_slot = 3
[K530_BT] RAW stream (64 bytes, no framing): 00 00 00 00 00 00 00 00 00 00 00 00 0D A2 A7 00 00 00 03 FF 00 64 00 00 00 00 00 00 00 00 00 00 00 00 00 00 00 00 00 00 00 00 00 00 00 00 00 00 00 00 00 00 0D A2 A7 00 00 00 03 FF 00 64 00 00
[K530_BT] WINDOW32: 00 00 00 00 00 00 00 00 00 00 0D 00 00 00 00 00 00 00 00 00 00 00 00 00 00 00 00 00 00 00 00 0D
[K530_BT] WINDOW32: 00 00 00 00 00 00 00 00 00 00 00 00 00 64 00 00 00 00 00 00 00 00 00 0D A2 A7 00 00 00 03 FF 00
[K530_BT] TASK A7..0C len=7: A7 00 00 00 03 FF 00
[K530_BT] RAW stream (64 bytes, no framing): 00 00 00 00 00 00 00 00 00 00 00 00 00 00 00 00 00 00 00 00 00 00 00 00 0D A2 A7 00 00 00 03 FF 00 64 00 00 00 00 00 00 00 00 00 00 00 00 00 00 00 00 00 00 00 00 00 00 00 00 00 00 00 00 00 00
[K530_BT] WINDOW32: 00 00 00 00 00 00 00 00 00 00 0D 00 00 00 00 00 00 00 00 00 00 00 00 00 00 00 00 00 00 00 00 0D
[K530_BT] SPI0 IRQ count = 10360 (╤А╨░╤Б╤В╤С╤В тАФ ╨┐╨╡╤А╨╕╤Д╨╡╤А╨╕╤П ╨▓╨╕╨┤╨╕╤В ╨║╨╗╨╛╨║╨╕ ╨╛╤В BT-╨╝╨╛╨┤╤Г╨╗╤П)
[K530_BT] BT toggle = ON, host_slot = 3
[K530_BT] WINDOW32: 00 00 00 00 0D A2 A7 00 00 00 03 FF 00 00 00 00 00 00 00 00 00 00 00 00 00 0D A2 A7 00 00 00 03
[K530_BT] TASK A7..0C len=26: A7 00 00 00 03 FF 00 00 00 00 00 00 00 00 00 00 00 00 00 0D A2 A7 00 00 00 03
[K530_BT] WINDOW32: 00 00 00 00 00 00 00 00 00 00 0D 00 00 00 00 00 00 00 00 00 00 00 00 00 00 00 00 00 00 00 00 0D
[K530_BT] WINDOW32: 00 03 FF 00 64 00 00 00 00 00 00 00 00 00 00 00 00 00 00 00 00 00 00 00 00 64 00 00 00 00 00 00
[K530_BT] RAW stream (64 bytes, no framing): A2 A7 00 00 00 03 FF 00 64 00 00 00 00 00 00 00 00 00 00 00 00 00 00 00 00 00 00 00 00 00 00 00 00 00 00 00 00 00 00 0D A2 A7 00 00 00 03 FF 00 64 00 00 00 00 00 00 00 00 00 00 00 00 00 00 00
[K530_BT] WINDOW32: 00 00 00 00 00 00 0D 00 00 00 0D 00 00 00 00 00 00 00 00 00 00 00 00 00 00 00 00 00 00 00 00 0D
[K530_BT] SPI0 IRQ count = 10440 (╤А╨░╤Б╤В╤С╤В тАФ ╨┐╨╡╤А╨╕╤Д╨╡╤А╨╕╤П ╨▓╨╕╨┤╨╕╤В ╨║╨╗╨╛╨║╨╕ ╨╛╤В BT-╨╝╨╛╨┤╤Г╨╗╤П)
[K530_BT] BT toggle = ON, host_slot = 3
[K530_BT] WINDOW32: 00 00 00 00 00 00 00 00 00 00 00 00 00 00 64 00 00 00 00 00 00 00 00 00 0D 00 00 00 00 00 00 00
[K530_BT] WINDOW32: 00 00 00 00 00 00 0D 00 00 00 0D 00 00 00 00 00 00 00 00 00 00 00 00 00 00 00 00 00 00 00 00 0D
[K530_BT] RAW stream (64 bytes, no framing): A2 A7 00 00 00 03 FF 00 64 00 00 00 00 00 00 00 00 00 00 00 00 00 00 00 00 00 00 00 00 00 00 00 00 00 00 00 00 00 00 0D A2 A7 00 00 00 03 FF 00 64 00 00 00 00 00 00 00 00 00 00 00 00 00 00 00
[K530_BT] WINDOW32: 00 00 00 00 00 00 00 00 00 00 0D 00 00 00 00 00 00 00 00 00 00 00 00 00 00 00 00 00 00 00 00 0D
[K530_BT] RAW stream (64 bytes, no framing): 00 00 00 00 00 00 00 00 00 00 00 00 0D A2 A7 00 00 00 03 FF 00 64 00 00 00 00 00 00 00 00 00 00 00 00 00 00 00 00 00 00 00 00 00 00 00 00 00 00 00 00 00 00 0D A2 A7 00 00 00 03 FF 00 64 00 00
[K530_BT] SPI0 IRQ count = 10600 (╤А╨░╤Б╤В╤С╤В тАФ ╨┐╨╡╤А╨╕╤Д╨╡╤А╨╕╤П ╨▓╨╕╨┤╨╕╤В ╨║╨╗╨╛╨║╨╕ ╨╛╤В BT-╨╝╨╛╨┤╤Г╨╗╤П)
[K530_BT] BT toggle = ON, host_slot = 3
[K530_BT] WINDOW32: 00 00 00 00 00 00 00 00 00 00 00 00 00 00 00 00 00 00 00 00 00 00 0D 00 00 00 00 00 00 00 00 00
[K530_BT] WINDOW32: 00 00 00 00 00 00 00 00 00 00 0D 00 00 00 00 00 00 00 00 00 00 00 00 00 00 00 00 00 00 00 00 0D
[K530_BT] RAW stream (64 bytes, no framing): A2 A7 00 00 00 03 FF 00 64 00 00 00 00 00 00 00 00 00 00 00 00 00 00 00 00 00 00 00 00 00 00 00 00 00 00 00 00 00 00 0D A2 A7 00 00 00 03 FF 00 64 00 00 00 00 00 00 00 00 00 00 00 00 00 00 00
[K530_BT] WINDOW32: 00 00 00 00 00 00 00 00 00 00 0D 00 00 00 00 00 00 00 00 00 00 00 00 00 00 00 00 00 00 00 00 0D
[K530_BT] SPI0 IRQ count = 10680 (╤А╨░╤Б╤В╤С╤В тАФ ╨┐╨╡╤А╨╕╤Д╨╡╤А╨╕╤П ╨▓╨╕╨┤╨╕╤В ╨║╨╗╨╛╨║╨╕ ╨╛╤В BT-╨╝╨╛╨┤╤Г╨╗╤П)
[K530_BT] BT toggle = ON, host_slot = 3
[K530_BT] WINDOW32: 00 00 00 00 00 0D A2 A7 00 00 00 03 00 00 00 00 00 00 00 00 00 00 00 00 00 00 0D A2 A7 00 00 00
[K530_BT] TASK A7..0C len=25: A7 00 00 00 03 00 00 00 00 00 00 00 00 00 00 00 00 00 00 0D A2 A7 00 00 00
[K530_BT] WINDOW32: 00 00 00 00 00 00 00 00 00 00 0D 00 00 00 00 00 00 00 00 00 00 00 00 00 00 00 00 00 00 00 00 0D
[K530_BT] RAW stream (64 bytes, no framing): 00 00 00 00 00 00 00 00 00 00 0D A2 A7 00 00 00 03 FF 00 64 00 00 00 00 00 00 00 00 00 00 00 00 00 00 00 00 00 00 00 00 00 00 00 00 00 00 00 00 00 00 0D A2 A7 00 00 00 03 FF 00 64 00 00 00 00
[K530_BT] WINDOW32: 00 00 00 00 00 00 0D 00 00 00 0D 00 00 00 00 00 00 00 00 00 00 00 00 00 00 00 00 00 00 00 00 0D
[K530_BT] RAW stream (64 bytes, no framing): 00 00 00 00 00 00 00 00 00 00 00 00 00 00 00 00 0D A2 A7 00 00 00 03 FF 00 64 00 00 00 00 00 00 00 00 00 00 00 00 00 00 00 00 00 00 00 00 00 00 00 00 00 00 00 00 00 00 0D A2 A7 00 00 00 03 FF
[K530_BT] SPI0 IRQ count = 10840 (╤А╨░╤Б╤В╤С╤В тАФ ╨┐╨╡╤А╨╕╤Д╨╡╤А╨╕╤П ╨▓╨╕╨┤╨╕╤В ╨║╨╗╨╛╨║╨╕ ╨╛╤В BT-╨╝╨╛╨┤╤Г╨╗╤П)
[K530_BT] BT toggle = ON, host_slot = 3
[K530_BT] WINDOW32: 00 00 00 00 00 00 0D 00 00 00 0D 00 00 00 00 00 00 00 00 00 00 00 00 00 00 00 00 00 00 00 00 0D
[K530_BT] WINDOW32: 00 0D A2 A7 00 0D A2 A7 00 00 00 03 FF 00 00 00 00 00 00 00 00 00 00 00 00 00 0D A2 A7 00 00 00
[K530_BT] TASK A7..0C len=29: A7 00 0D A2 A7 00 00 00 03 FF 00 00 00 00 00 00 00 00 00 00 00 00 00 0D A2 A7 00 00 00
[K530_BT] RAW stream (64 bytes, no framing): A2 A7 00 00 00 03 FF 00 64 00 00 00 00 00 00 00 00 00 00 00 00 00 00 00 00 00 00 00 00 00 00 00 00 00 00 00 00 00 00 0D A2 A7 00 00 00 03 FF 00 64 00 00 00 00 00 00 00 00 00 00 00 00 00 00 00
[K530_BT] WINDOW32: 00 00 00 00 00 00 0D 00 00 00 00 00 00 00 00 00 00 00 00 00 00 00 00 00 00 00 00 00 00 00 00 0D
[K530_BT] SPI0 IRQ count = 10920 (╤А╨░╤Б╤В╤С╤В тАФ ╨┐╨╡╤А╨╕╤Д╨╡╤А╨╕╤П ╨▓╨╕╨┤╨╕╤В ╨║╨╗╨╛╨║╨╕ ╨╛╤В BT-╨╝╨╛╨┤╤Г╨╗╤П)
[K530_BT] BT toggle = ON, host_slot = 3
[K530_BT] WINDOW32: 00 00 00 00 00 00 00 00 00 00 00 00 00 00 00 00 00 00 00 00 00 00 00 00 00 00 0D 00 00 00 00 00
[K530_BT] WINDOW32: 00 00 00 00 00 00 00 00 00 00 0D 00 00 00 00 00 00 00 00 00 00 00 00 00 00 00 00 00 00 00 00 0D
[K530_BT] WINDOW32: 00 00 0D A2 A7 00 00 00 03 00 00 00 03 FF 00 64 00 00 00 00 00 00 00 00 00 00 00 00 A2 A7 00 00
[K530_BT] TASK A7..0C len=28: A7 00 00 00 03 00 00 00 03 FF 00 64 00 00 00 00 00 00 00 00 00 00 00 00 A2 A7 00 00
[K530_BT] RAW stream (64 bytes, no framing): A2 A7 00 00 00 03 FF 00 64 00 00 00 00 00 00 00 00 00 00 00 00 00 00 00 00 00 00 00 00 00 00 00 00 00 00 00 00 00 00 0D A2 A7 00 00 00 03 FF 00 64 00 00 00 00 00 00 00 00 00 00 00 00 00 00 00
[K530_BT] WINDOW32: 00 00 00 00 00 00 00 00 00 00 0D 00 00 00 00 00 00 00 00 00 00 00 00 00 00 00 00 00 00 00 00 0D
[K530_BT] SPI0 IRQ count = 11000 (╤А╨░╤Б╤В╤С╤В тАФ ╨┐╨╡╤А╨╕╤Д╨╡╤А╨╕╤П ╨▓╨╕╨┤╨╕╤В ╨║╨╗╨╛╨║╨╕ ╨╛╤В BT-╨╝╨╛╨┤╤Г╨╗╤П)
[K530_BT] BT toggle = ON, host_slot = 3
[K530_BT] WINDOW32: 00 00 00 00 03 FF 00 64 00 FF 00 64 00 00 00 00 00 00 00 00 00 00 00 00 A2 A7 00 00 00 03 FF 00
[K530_BT] TASK A7..0C len=7: A7 00 00 00 03 FF 00
[K530_BT] RAW stream (64 bytes, no framing): A2 A7 00 00 00 03 FF 00 64 00 00 00 00 00 00 00 00 00 00 00 00 00 00 00 00 00 00 00 00 00 00 00 00 00 00 00 00 00 00 0D A2 A7 00 00 00 03 FF 00 64 00 00 00 00 00 00 00 00 00 00 00 00 00 00 00
[K530_BT] WINDOW32: 00 00 00 00 00 00 00 00 00 00 0D 00 00 00 00 00 00 00 00 00 00 00 00 00 00 00 00 00 00 00 00 0D
[K530_BT] BT toggle -> OFF, SPI0 disabled
[K530_BT] SPI0 IRQ count = 11120 (╤А╨░╤Б╤В╤С╤В тАФ ╨┐╨╡╤А╨╕╤Д╨╡╤А╨╕╤П ╨▓╨╕╨┤╨╕╤В ╨║╨╗╨╛╨║╨╕ ╨╛╤В BT-╨╝╨╛╨┤╤Г╨╗╤П)
[K530_BT] BT toggle = OFF, host_slot = 3
[K530_BT] WINDOW32: 00 00 00 00 00 00 00 00 00 00 00 00 00 00 FF 00 64 00 00 00 00 00 00 00 00 00 00 00 00 00 00 00
[K530_BT] WINDOW32: 00 00 00 00 00 00 00 00 00 00 0D 00 00 00 00 00 00 00 00 00 00 00 00 00 00 00 00 00 00 00 00 0D
[K530_BT] RAW stream (64 bytes, no framing): 20 A7 00 00 00 03 FF 00 64 00 00 00 00 00 00 00 00 00 00 00 00 00 00 00 00 00 00 00 00 00 00 00 00 00 00 00 00 00 00 0D 20 A7 00 00 00 03 FF 00 64 00 00 00 00 00 00 00 00 00 00 00 00 00 00 00
[K530_BT] WINDOW32: 00 00 00 00 00 00 00 00 00 00 0D 00 00 00 00 00 00 00 00 00 00 00 00 00 00 00 00 00 00 00 00 0D
[K530_BT] WINDOW32: 00 00 00 00 00 00 00 00 00 00 0D 00 00 00 00 00 00 00 00 00 00 00 00 00 00 00 00 00 00 00 00 0D
[K530_BT] WINDOW32: 00 00 00 00 00 00 00 00 0D 00 00 00 0D 00 00 00 00 00 00 00 00 00 00 00 00 00 00 00 00 00 00 00
[K530_BT] RAW stream (64 bytes, no framing): 20 A7 00 00 00 03 FF 00 64 00 00 00 00 00 00 00 00 00 00 00 00 00 00 00 00 00 00 00 00 00 00 00 00 00 00 00 00 00 00 0D 20 A7 00 00 00 03 FF 00 64 00 00 00 00 00 00 00 00 00 00 00 00 00 00 00
[K530_BT] WINDOW32: 00 00 00 00 00 00 00 00 00 00 0D 00 00 00 00 00 00 00 00 00 00 00 00 00 00 00 00 00 00 00 00 0D
[K530_BT] RAW stream (64 bytes, no framing): 20 A7 00 00 00 03 FF 00 64 00 00 00 00 00 00 00 00 00 00 00 00 00 00 00 00 00 00 00 00 00 00 00 00 00 00 00 00 00 00 0D 20 A7 00 00 00 03 FF 00 64 00 00 00 00 00 00 00 00 00 00 00 00 00 00 00
[K530_BT] WINDOW32: 00 00 00 00 00 00 00 00 00 00 0D 00 00 00 00 00 00 00 00 00 00 00 00 00 00 00 00 00 00 00 00 0D
[K530_BT] RAW stream (64 bytes, no framing): 20 A7 00 00 00 03 FF 00 64 00 00 00 00 00 00 00 00 00 00 00 00 00 00 00 00 00 00 00 00 00 00 00 00 00 00 00 00 00 00 0D 20 A7 00 00 00 03 FF 00 64 00 00 00 00 00 00 00 00 00 00 00 00 00 00 00
[K530_BT] WINDOW32: 00 00 00 00 00 00 00 00 00 00 0D 00 00 00 00 00 00 00 00 00 00 00 00 00 00 00 00 00 00 00 00 0D
[K530_BT] SPI0 IRQ count = 11560 (╤А╨░╤Б╤В╤С╤В тАФ ╨┐╨╡╤А╨╕╤Д╨╡╤А╨╕╤П ╨▓╨╕╨┤╨╕╤В ╨║╨╗╨╛╨║╨╕ ╨╛╤В BT-╨╝╨╛╨┤╤Г╨╗╤П)
[K530_BT] BT toggle = OFF, host_slot = 3
[K530_BT] SPI0 IRQ count = 11560 (╨Э╨Х ╨а╨Р╨б╨в╨Б╨в тАФ ╨┐╤А╨╛╨▓╨╡╤А╤М╤В╨╡ ╨┐╨╕╨╜╤Л/NVIC/╤В╨░╨║╤В╨╕╤А╨╛╨▓╨░╨╜╨╕╨╡, ╤Б╨╝. ╤А╨░╨╖╨┤╨╡╨╗ 5╨С)
[K530_BT] BT toggle = OFF, host_slot = 3
[K530_BT] SPI0 IRQ count = 11560 (╨Э╨Х ╨а╨Р╨б╨в╨Б╨в тАФ ╨┐╤А╨╛╨▓╨╡╤А╤М╤В╨╡ ╨┐╨╕╨╜╤Л/NVIC/╤В╨░╨║╤В╨╕╤А╨╛╨▓╨░╨╜╨╕╨╡, ╤Б╨╝. ╤А╨░╨╖╨┤╨╡╨╗ 5╨С)
[K530_BT] BT toggle = OFF, host_slot = 3
[K530_BT] SPI0 IRQ count = 11560 (╨Э╨Х ╨а╨Р╨б╨в╨Б╨в тАФ ╨┐╤А╨╛╨▓╨╡╤А╤М╤В╨╡ ╨┐╨╕╨╜╤Л/NVIC/╤В╨░╨║╤В╨╕╤А╨╛╨▓╨░╨╜╨╕╨╡, ╤Б╨╝. ╤А╨░╨╖╨┤╨╡╨╗ 5╨С)
[K530_BT] BT toggle = OFF, host_slot = 3
[K530_BT] SPI0 IRQ count = 11560 (╨Э╨Х ╨а╨Р╨б╨в╨Б╨в тАФ ╨┐╤А╨╛╨▓╨╡╤А╤М╤В╨╡ ╨┐╨╕╨╜╤Л/NVIC/╤В╨░╨║╤В╨╕╤А╨╛╨▓╨░╨╜╨╕╨╡, ╤Б╨╝. ╤А╨░╨╖╨┤╨╡╨╗ 5╨С)






не работают кнопки
[K530_BT] BT toggle = OFF, host_slot = 3
[K530_BT] SPI0 IRQ count = 12080 (╨Э╨Х ╨а╨Р╨б╨в╨Б╨в тАФ ╨┐╤А╨╛╨▓╨╡╤А╤М╤В╨╡ ╨┐╨╕╨╜╤Л/NVIC/╤В╨░╨║╤В╨╕╤А╨╛╨▓╨░╨╜╨╕╨╡, ╤Б╨╝. ╤А╨░╨╖╨┤╨╡╨╗ 5╨С)
[K530_BT] BT toggle = OFF, host_slot = 3
[K530_BT] SPI0 IRQ count = 12080 (╨Э╨Х ╨а╨Р╨б╨в╨Б╨в тАФ ╨┐╤А╨╛╨▓╨╡╤А╤М╤В╨╡ ╨┐╨╕╨╜╤Л/NVIC/╤В╨░╨║╤В╨╕╤А╨╛╨▓╨░╨╜╨╕╨╡, ╤Б╨╝. ╤А╨░╨╖╨┤╨╡╨╗ 5╨С)
[K530_BT] BT toggle = OFF, host_slot = 3
[K530_BT] SPI0 IRQ count = 12080 (╨Э╨Х ╨а╨Р╨б╨в╨Б╨в тАФ ╨┐╤А╨╛╨▓╨╡╤А╤М╤В╨╡ ╨┐╨╕╨╜╤Л/NVIC/╤В╨░╨║╤В╨╕╤А╨╛╨▓╨░╨╜╨╕╨╡, ╤Б╨╝. ╤А╨░╨╖╨┤╨╡╨╗ 5╨С)
[K530_BT] BT toggle = OFF, host_slot = 3
[K530_BT] SPI0 IRQ count = 12080 (╨Э╨Х ╨а╨Р╨б╨в╨Б╨в тАФ ╨┐╤А╨╛╨▓╨╡╤А╤М╤В╨╡ ╨┐╨╕╨╜╤Л/NVIC/╤В╨░╨║╤В╨╕╤А╨╛╨▓╨░╨╜╨╕╨╡, ╤Б╨╝. ╤А╨░╨╖╨┤╨╡╨╗ 5╨С)
[K530_BT] BT toggle = OFF, host_slot = 3
[K530_BT] SPI0 IRQ count = 12080 (╨Э╨Х ╨а╨Р╨б╨в╨Б╨в тАФ ╨┐╤А╨╛╨▓╨╡╤А╤М╤В╨╡ ╨┐╨╕╨╜╤Л/NVIC/╤В╨░╨║╤В╨╕╤А╨╛╨▓╨░╨╜╨╕╨╡, ╤Б╨╝. ╤А╨░╨╖╨┤╨╡╨╗ 5╨С)
[K530_BT] BT toggle = OFF, host_slot = 3
[K530_BT] BT toggle -> ON, SPI0 (re)started
[K530_BT] WINDOW32: 00 00 00 00 00 00 0D 00 00 00 0D 00 00 00 00 00 00 00 00 00 00 00 00 00 00 00 00 00 00 00 00 0D
[K530_BT] RAW stream (64 bytes, no framing): A2 A7 00 00 00 03 FF 00 64 00 00 00 00 00 00 00 00 00 00 00 00 00 00 00 00 00 00 00 00 00 00 00 00 00 00 00 00 00 00 0D A2 A7 00 00 00 03 FF 00 64 00 00 00 00 00 00 00 00 00 00 00 00 00 00 00
[K530_BT] WINDOW32: 00 00 00 00 00 00 0D 00 00 00 0D 00 00 00 00 00 00 00 00 00 00 00 00 00 00 00 00 00 00 00 00 0D
[K530_BT] WINDOW32: 0D A2 A7 00 0D A2 A7 00 00 00 03 FF 00 64 00 00 00 00 00 00 00 00 00 00 00 0D A2 A7 00 00 00 03
[K530_BT] TASK A7..0C len=30: A7 00 0D A2 A7 00 00 00 03 FF 00 64 00 00 00 00 00 00 00 00 00 00 00 0D A2 A7 00 00 00 03
[K530_BT] WINDOW32: 00 00 00 00 00 00 00 00 00 00 0D 00 00 00 00 00 00 00 00 00 00 00 00 00 00 00 00 00 00 00 00 0D
[K530_BT] SPI0 IRQ count = 12200 (╤А╨░╤Б╤В╤С╤В тАФ ╨┐╨╡╤А╨╕╤Д╨╡╤А╨╕╤П ╨▓╨╕╨┤╨╕╤В ╨║╨╗╨╛╨║╨╕ ╨╛╤В BT-╨╝╨╛╨┤╤Г╨╗╤П)
[K530_BT] BT toggle = ON, host_slot = 3
[K530_BT] WINDOW32: A2 A7 00 00 00 A7 00 00 00 03 FF 00 64 00 00 00 00 00 00 00 00 00 00 00 0D A2 A7 00 00 00 03 FF
[K530_BT] TASK A7..0C len=31: A7 00 00 00 A7 00 00 00 03 FF 00 64 00 00 00 00 00 00 00 00 00 00 00 0D A2 A7 00 00 00 03 FF
[K530_BT] RAW stream (64 bytes, no framing): 00 00 00 00 00 00 00 00 00 00 00 00 0D A2 A7 00 00 00 03 FF 00 64 00 00 00 00 00 00 00 00 00 00 00 00 00 00 00 00 00 00 00 00 00 00 00 00 00 00 00 00 00 00 0D A2 A7 00 00 00 03 FF 00 64 00 00
[K530_BT] WINDOW32: 00 00 00 00 00 00 00 00 00 00 0D 00 00 00 00 00 00 00 00 00 00 00 00 00 00 00 00 00 00 00 00 0D
[K530_BT] WINDOW32: 00 00 FF 00 64 00 00 00 00 00 00 00 00 00 00 00 00 00 00 00 00 00 00 00 00 64 00 00 00 00 00 00
[K530_BT] WINDOW32: 00 00 00 00 00 00 00 00 00 00 0D 00 00 00 00 00 00 00 00 00 00 00 00 00 00 00 00 00 00 00 00 0D
[K530_BT] SPI0 IRQ count = 12280 (╤А╨░╤Б╤В╤С╤В тАФ ╨┐╨╡╤А╨╕╤Д╨╡╤А╨╕╤П ╨▓╨╕╨┤╨╕╤В ╨║╨╗╨╛╨║╨╕ ╨╛╤В BT-╨╝╨╛╨┤╤Г╨╗╤П)
[K530_BT] BT toggle = ON, host_slot = 3
[K530_BT] RAW stream (64 bytes, no framing): A2 A7 00 00 00 03 FF 00 64 00 00 00 00 00 00 00 00 00 00 00 00 00 00 00 00 00 00 00 00 00 00 00 00 00 00 00 00 00 00 0D A2 A7 00 00 00 03 FF 00 64 00 00 00 00 00 00 00 00 00 00 00 00 00 00 00
[K530_BT] WINDOW32: 00 00 00 00 00 00 00 00 00 00 0D 00 00 00 00 00 00 00 00 00 00 00 00 00 00 00 00 00 00 00 00 0D
[K530_BT] RAW stream (64 bytes, no framing): 00 00 00 00 00 00 00 00 00 00 00 0D A2 A7 00 00 00 03 FF 00 64 00 00 00 00 00 00 00 00 00 00 00 00 00 00 00 00 00 00 00 00 00 00 00 00 00 00 00 00 00 00 0D A2 A7 00 00 00 03 FF 00 64 00 00 00
[K530_BT] TX keyboard frame (21 bytes): A1 02 08 00 00 06 00 00 00 00 00 00 00 00 00 00 00 00 00 00 B1
[K530_BT] WINDOW32: 00 00 00 00 00 00 00 00 00 00 00 00 00 00 00 00 00 00 00 00 00 0D 00 00 00 00 00 00 00 00 00 00
[K530_BT] WINDOW32: 00 00 00 00 00 00 00 00 00 00 0D 00 00 00 00 00 00 00 00 00 00 00 00 00 00 00 00 00 00 00 00 0D
[K530_BT] RAW stream (64 bytes, no framing): A2 A7 00 00 00 03 FF 00 64 00 00 00 00 00 00 00 00 00 00 00 00 00 00 00 00 00 00 00 00 00 00 00 00 00 00 00 00 00 00 0D A2 A7 00 00 00 03 FF 00 64 00 00 00 00 00 00 00 00 00 00 00 00 00 00 00
[K530_BT] WINDOW32: 00 00 00 00 00 00 00 00 00 00 0D 00 00 00 00 00 00 00 00 00 00 00 00 00 00 00 00 00 00 00 00 0D
[K530_BT] TX keyboard frame (21 bytes): A1 02 08 00 00 00 00 00 00 00 00 00 00 00 00 00 00 00 00 00 AB
[K530_BT] WINDOW32: 00 00 00 0D A2 A7 00 00 00 03 FF 00 00 00 00 00 00 00 00 00 00 00 00 00 0D A2 A7 00 00 00 03 FF
[K530_BT] TASK A7..0C len=27: A7 00 00 00 03 FF 00 00 00 00 00 00 00 00 00 00 00 00 00 0D A2 A7 00 00 00 03 FF
[K530_BT] WINDOW32: 00 00 00 00 00 00 0D 00 00 00 0D 00 00 00 00 00 00 00 00 00 00 00 00 00 00 00 00 00 00 00 00 0D
[K530_BT] SPI0 IRQ count = 12520 (╤А╨░╤Б╤В╤С╤В тАФ ╨┐╨╡╤А╨╕╤Д╨╡╤А╨╕╤П ╨▓╨╕╨┤╨╕╤В ╨║╨╗╨╛╨║╨╕ ╨╛╤В BT-╨╝╨╛╨┤╤Г╨╗╤П)
[K530_BT] BT toggle = ON, host_slot = 3
[K530_BT] WINDOW32: 0D 00 00 00 0D A2 A7 00 00 00 03 FF 00 00 00 00 00 00 00 00 00 00 00 00 00 0D A2 A7 00 00 00 03
[K530_BT] TASK A7..0C len=26: A7 00 00 00 03 FF 00 00 00 00 00 00 00 00 00 00 00 00 00 0D A2 A7 00 00 00 03
[K530_BT] RAW stream (64 bytes, no framing): 00 00 00 00 00 00 00 00 00 00 00 00 0D A2 A7 00 00 00 03 FF 00 64 00 00 00 00 00 00 00 00 00 00 00 00 00 00 00 00 00 00 00 00 00 00 00 00 00 00 00 00 00 00 0D A2 A7 00 00 00 03 FF 00 64 00 00
[K530_BT] WINDOW32: 00 00 00 00 00 00 00 00 00 00 0D 00 00 00 00 00 00 00 00 00 00 00 00 00 00 00 00 00 00 00 00 0D
[K530_BT] WINDOW32: 00 00 00 00 00 00 00 00 00 00 0D 00 00 00 00 00 00 00 00 00 00 00 00 00 00 00 00 00 00 00 00 0D
[K530_BT] TX keyboard frame (21 bytes): A1 02 08 00 00 06 00 00 00 00 00 00 00 00 00 00 00 00 00 00 B1
[K530_BT] WINDOW32: A7 00 00 00 03 FF 00 00 03 FF 00 64 00 00 00 00 00 00 00 00 00 00 00 00 00 00 00 00 00 03 FF 00
[K530_BT] TASK A7..0C len=32: A7 00 00 00 03 FF 00 00 03 FF 00 64 00 00 00 00 00 00 00 00 00 00 00 00 00 00 00 00 00 03 FF 00
[K530_BT] RAW stream (64 bytes, no framing): A2 A7 00 00 00 03 FF 00 64 00 00 00 00 00 00 00 00 00 00 00 00 00 00 00 00 00 00 00 00 00 00 00 00 00 00 00 00 00 00 0D A2 A7 00 00 00 03 FF 00 64 00 00 00 00 00 00 00 00 00 00 00 00 00 00 00
[K530_BT] WINDOW32: 00 00 00 00 00 00 00 00 00 00 0D 00 00 00 00 00 00 00 00 00 00 00 00 00 00 00 00 00 00 00 00 0D
[K530_BT] SPI0 IRQ count = 12720 (╤А╨░╤Б╤В╤С╤В тАФ ╨┐╨╡╤А╨╕╤Д╨╡╤А╨╕╤П ╨▓╨╕╨┤╨╕╤В ╨║╨╗╨╛╨║╨╕ ╨╛╤В BT-╨╝╨╛╨┤╤Г╨╗╤П)
[K530_BT] BT toggle = ON, host_slot = 3
[K530_BT] WINDOW32: 0D A2 A7 00 00 00 03 FF 00 64 00 FF 00 64 00 00 00 00 00 00 00 00 00 00 00 00 00 00 00 00 00 03
[K530_BT] TASK A7..0C len=30: A7 00 00 00 03 FF 00 64 00 FF 00 64 00 00 00 00 00 00 00 00 00 00 00 00 00 00 00 00 00 03
[K530_BT] WINDOW32: 00 00 00 00 00 00 00 00 00 00 0D 00 00 00 00 00 00 00 00 00 00 00 00 00 00 00 00 00 00 00 00 0D
[K530_BT] TX keyboard frame (21 bytes): A1 02 08 00 00 00 00 00 00 00 00 00 00 00 00 00 00 00 00 00 AB
[K530_BT] RAW stream (64 bytes, no framing): A2 A7 00 00 00 03 FF 00 64 00 00 00 00 00 00 00 00 00 00 00 00 00 00 00 00 00 00 00 00 00 00 00 00 00 00 00 00 00 00 0D A2 A7 00 00 00 03 FF 00 64 00 00 00 00 00 00 00 00 00 00 00 00 00 00 00
[K530_BT] WINDOW32: 00 00 00 00 00 00 00 00 00 00 0D 00 00 00 00 00 00 00 00 00 00 00 00 00 00 00 00 00 00 00 00 0D
[K530_BT] WINDOW32: 00 00 00 00 00 00 00 00 00 00 00 00 00 A7 00 00 00 03 FF 00 64 00 00 00 00 00 00 00 00 00 00 00
[K530_BT] TASK A7..0C len=19: A7 00 00 00 03 FF 00 64 00 00 00 00 00 00 00 00 00 00 00
[K530_BT] RAW stream (64 bytes, no framing): A2 A7 00 00 00 03 FF 00 64 00 00 00 00 00 00 00 00 00 00 00 00 00 00 00 00 00 00 00 00 00 00 00 00 00 00 00 00 00 00 0D A2 A7 00 00 00 03 FF 00 64 00 00 00 00 00 00 00 00 00 00 00 00 00 00 00
[K530_BT] WINDOW32: 00 00 00 00 00 00 00 00 00 00 0D 00 00 00 00 00 00 00 00 00 00 00 00 00 00 00 00 00 00 00 00 0D
[K530_BT] TX keyboard frame (21 bytes): A1 02 08 00 00 1B 00 00 00 00 00 00 00 00 00 00 00 00 00 00 C6
[K530_BT] WINDOW32: 00 00 00 00 00 00 00 00 00 00 00 00 00 00 00 00 00 00 00 00 00 0D 00 00 00 00 00 00 00 00 00 00
[K530_BT] WINDOW32: 00 00 00 00 00 00 0D 00 00 00 0D 00 00 00 00 00 00 00 00 00 00 00 00 00 00 00 00 00 00 00 00 0D
[K530_BT] SPI0 IRQ count = 12960 (╤А╨░╤Б╤В╤С╤В тАФ ╨┐╨╡╤А╨╕╤Д╨╡╤А╨╕╤П ╨▓╨╕╨┤╨╕╤В ╨║╨╗╨╛╨║╨╕ ╨╛╤В BT-╨╝╨╛╨┤╤Г╨╗╤П)
[K530_BT] BT toggle = ON, host_slot = 3
[K530_BT] RAW stream (64 bytes, no framing): A2 A7 00 00 00 03 FF 00 64 00 00 00 00 00 00 00 00 00 00 00 00 00 00 00 00 00 00 00 00 00 00 00 00 00 00 00 00 00 00 0D A2 A7 00 00 00 03 FF 00 64 00 00 00 00 00 00 00 00 00 00 00 00 00 00 00
[K530_BT] WINDOW32: 00 00 00 00 00 00 0D 00 00 00 0D 00 00 00 00 00 00 00 00 00 00 00 00 00 00 00 00 00 00 00 00 0D
[K530_BT] TX keyboard frame (21 bytes): A1 02 08 00 00 00 00 00 00 00 00 00 00 00 00 00 00 00 00 00 AB
[K530_BT] WINDOW32: 00 A2 A7 00 00 00 03 FF 00 64 00 00 00 00 00 00 00 00 00 00 00 00 00 00 00 00 00 03 FF 00 64 00
[K530_BT] TASK A7..0C len=30: A7 00 00 00 03 FF 00 64 00 00 00 00 00 00 00 00 00 00 00 00 00 00 00 00 00 03 FF 00 64 00
[K530_BT] WINDOW32: 00 00 00 00 00 00 00 00 00 00 0D 00 00 00 00 00 00 00 00 00 00 00 00 00 00 00 00 00 00 00 00 0D
[K530_BT] RAW stream (64 bytes, no framing): 00 00 00 00 00 00 00 00 00 00 00 0D A2 A7 00 00 00 03 FF 00 64 00 00 00 00 00 00 00 00 00 00 00 00 00 00 00 00 00 00 00 00 00 00 00 00 00 00 00 00 00 00 0D A2 A7 00 00 00 03 FF 00 64 00 00 00
[K530_BT] WINDOW32: 00 00 00 00 00 00 00 00 00 00 0D 00 00 00 00 00 00 00 00 00 00 00 00 00 00 00 00 00 00 00 00 0D
[K530_BT] RAW stream (64 bytes, no framing): 00 00 00 00 00 00 00 00 00 00 00 00 00 00 00 00 00 00 00 00 00 00 00 0D A2 A7 00 00 00 03 FF 00 64 00 00 00 00 00 00 00 00 00 00 00 00 00 00 00 00 00 00 00 00 00 00 00 00 00 00 00 00 00 00 0D
[K530_BT] TX keyboard frame (21 bytes): A1 02 08 00 00 16 00 00 00 00 00 00 00 00 00 00 00 00 00 00 C1
[K530_BT] WINDOW32: 00 00 00 00 00 00 00 00 00 00 0D 00 00 00 00 00 00 00 00 00 00 00 00 00 00 00 00 00 00 00 00 0D
[K530_BT] TX keyboard frame (21 bytes): A1 02 08 00 00 16 07 00 00 00 00 00 00 00 00 00 00 00 00 00 C8
[K530_BT] RAW stream (64 bytes, no framing): A2 A7 00 00 00 03 FF 00 64 00 00 00 00 00 00 00 00 00 00 00 00 00 00 00 00 00 00 00 00 00 00 00 00 00 00 00 00 00 00 0D A2 A7 00 00 00 03 FF 00 64 00 00 00 00 00 00 00 00 00 00 00 00 00 00 00
[K530_BT] WINDOW32: 00 00 00 00 00 00 00 00 00 00 0D 00 00 00 00 00 00 00 00 00 00 00 00 00 00 00 00 00 00 00 00 0D
[K530_BT] TX keyboard frame (21 bytes): A1 02 08 00 00 16 00 00 00 00 00 00 00 00 00 00 00 00 00 00 C1
[K530_BT] WINDOW32: 00 00 00 00 00 00 00 00 00 00 00 00 00 64 00 00 00 00 00 00 00 00 00 00 00 00 00 00 00 00 00 00
[K530_BT] WINDOW32: 00 00 00 00 00 00 00 00 00 00 0D 00 00 00 00 00 00 00 00 00 00 00 00 00 00 00 00 00 00 00 00 0D
[K530_BT] TX keyboard frame (21 bytes): A1 02 08 00 00 00 00 00 00 00 00 00 00 00 00 00 00 00 00 00 AB
[K530_BT] WINDOW32: 00 00 00 00 00 00 00 00 00 00 0D A2 A7 00 00 00 03 FF 00 64 00 00 00 00 00 00 00 00 00 00 00 0D
[K530_BT] TASK A7..0C len=20: A7 00 00 00 03 FF 00 64 00 00 00 00 00 00 00 00 00 00 00 0D
[K530_BT] RAW stream (64 bytes, no framing): A2 A7 00 00 00 03 FF 00 64 00 00 00 00 00 00 00 00 00 00 00 00 00 00 00 00 00 00 00 00 00 00 00 00 00 00 00 00 00 00 0D A2 A7 00 00 00 03 FF 00 64 00 00 00 00 00 00 00 00 00 00 00 00 00 00 00
[K530_BT] WINDOW32: 00 00 00 00 00 00 0D 00 00 00 0D 00 00 00 00 00 00 00 00 00 00 00 00 00 00 00 00 00 00 00 00 0D
[K530_BT] SPI0 IRQ count = 13400 (╤А╨░╤Б╤В╤С╤В тАФ ╨┐╨╡╤А╨╕╤Д╨╡╤А╨╕╤П ╨▓╨╕╨┤╨╕╤В ╨║╨╗╨╛╨║╨╕ ╨╛╤В BT-╨╝╨╛╨┤╤Г╨╗╤П)
[K530_BT] BT toggle = ON, host_slot = 3
[K530_BT] WINDOW32: 00 00 00 00 00 00 00 00 00 00 00 00 00 00 00 00 00 00 00 00 00 00 00 00 0D 00 00 00 00 00 00 00
[K530_BT] WINDOW32: 00 00 00 00 00 00 0D 00 00 00 00 00 00 00 00 00 00 00 00 00 00 00 00 00 00 00 00 00 00 00 00 0D
[K530_BT] RAW stream (64 bytes, no framing): A2 A7 00 00 00 03 FF 00 64 00 00 00 00 00 00 00 00 00 00 00 00 00 00 00 00 00 00 00 00 00 00 00 00 00 00 00 00 00 00 0D A2 A7 00 00 00 03 FF 00 64 00 00 00 00 00 00 00 00 00 00 00 00 00 00 00
[K530_BT] WINDOW32: 00 00 00 00 00 00 00 00 00 00 0D 00 00 00 00 00 00 00 00 00 00 00 00 00 00 00 00 00 00 00 00 0D
[K530_BT] TX keyboard frame (21 bytes): A1 02 08 00 00 16 00 00 00 00 00 00 00 00 00 00 00 00 00 00 C1
[K530_BT] WINDOW32: 00 00 00 00 00 00 00 00 00 00 0D 00 00 00 00 00 00 00 00 00 00 00 00 00 00 00 00 00 00 00 00 0D
[K530_BT] SPI0 IRQ count = 13520 (╤А╨░╤Б╤В╤С╤В тАФ ╨┐╨╡╤А╨╕╤Д╨╡╤А╨╕╤П ╨▓╨╕╨┤╨╕╤В ╨║╨╗╨╛╨║╨╕ ╨╛╤В BT-╨╝╨╛╨┤╤Г╨╗╤П)
[K530_BT] BT toggle = ON, host_slot = 3
[K530_BT] RAW stream (64 bytes, no framing): 00 00 00 00 00 00 00 00 00 00 00 00 0D A2 A7 00 00 00 03 FF 00 64 00 00 00 00 00 00 00 00 00 00 00 00 00 00 00 00 00 00 00 00 00 00 00 00 00 00 00 00 00 00 0D A2 A7 00 00 00 03 FF 00 64 00 00
[K530_BT] WINDOW32: 00 00 00 00 00 00 00 00 00 00 0D 00 00 00 00 00 00 00 00 00 00 00 00 00 00 00 00 00 00 00 00 0D
[K530_BT] TX keyboard frame (21 bytes): A1 02 08 00 00 00 00 00 00 00 00 00 00 00 00 00 00 00 00 00 AB
[K530_BT] WINDOW32: 03 FF 00 64 00 FF 00 64 00 00 00 00 00 00 00 00 00 00 00 0D A2 A7 00 00 00 00 00 00 64 00 00 00
[K530_BT] TASK A7..0C len=11: A7 00 00 00 00 00 00 64 00 00 00
[K530_BT] RAW stream (64 bytes, no framing): 00 00 00 00 00 00 00 00 00 00 00 00 00 00 0D A2 A7 00 00 00 03 FF 00 64 00 00 00 00 00 00 00 00 00 00 00 00 00 00 00 00 00 00 00 00 00 00 00 00 00 00 00 00 00 00 0D A2 A7 00 00 00 03 FF 00 64
[K530_BT] WINDOW32: 00 00 00 00 00 00 00 00 00 00 0D 00 00 00 00 00 00 00 00 00 00 00 00 00 00 00 00 00 00 00 00 0D
[K530_BT] TX keyboard frame (21 bytes): A1 02 08 00 00 16 00 00 00 00 00 00 00 00 00 00 00 00 00 00 C1
[K530_BT] WINDOW32: 00 00 00 00 00 00 00 00 00 00 00 00 00 00 00 03 FF 00 64 00 00 00 00 00 00 00 00 00 00 00 00 00
[K530_BT] WINDOW32: 00 00 00 00 00 00 00 00 00 00 0D 00 00 00 00 00 00 00 00 00 00 00 00 00 00 00 00 00 00 00 00 0D
[K530_BT] RAW stream (64 bytes, no framing): A2 A7 00 00 00 03 FF 00 64 00 00 00 00 00 00 00 00 00 00 00 00 00 00 00 00 00 00 00 00 00 00 00 00 00 00 00 00 00 00 0D A2 A7 00 00 00 03 FF 00 64 00 00 00 00 00 00 00 00 00 00 00 00 00 00 00
[K530_BT] WINDOW32: 00 00 00 00 00 00 00 00 00 00 0D 00 00 00 00 00 00 00 00 00 00 00 00 00 00 00 00 00 00 00 00 0D
[K530_BT] TX keyboard frame (21 bytes): A1 02 08 00 00 00 00 00 00 00 00 00 00 00 00 00 00 00 00 00 AB
[K530_BT] WINDOW32: 00 00 0D A2 A7 00 00 00 03 FF 00 64 00 00 00 00 00 00 00 00 00 00 00 0D A2 A7 00 00 00 03 FF 00
[K530_BT] TASK A7..0C len=28: A7 00 00 00 03 FF 00 64 00 00 00 00 00 00 00 00 00 00 00 0D A2 A7 00 00 00 03 FF 00
[K530_BT] WINDOW32: 00 00 00 00 00 00 00 00 00 00 0D 00 00 00 00 00 00 00 00 00 00 00 00 00 00 00 00 00 00 00 00 0D
[K530_BT] TX keyboard frame (21 bytes): A1 02 08 00 00 16 00 00 00 00 00 00 00 00 00 00 00 00 00 00 C1
[K530_BT] RAW stream (64 bytes, no framing): 00 00 00 00 00 00 00 00 00 00 0D A2 A7 00 00 00 03 FF 00 64 00 00 00 00 00 00 00 00 00 00 00 00 00 00 00 00 00 00 00 00 00 00 00 00 00 00 00 00 00 00 0D A2 A7 00 00 00 03 FF 00 64 00 00 00 00
[K530_BT] WINDOW32: 00 00 00 00 00 00 0D 00 00 00 0D 00 00 00 00 00 00 00 00 00 00 00 00 00 00 00 00 00 00 00 00 0D
[K530_BT] TX keyboard frame (21 bytes): A1 02 08 00 00 00 00 00 00 00 00 00 00 00 00 00 00 00 00 00 AB
[K530_BT] RAW stream (64 bytes, no framing): 00 00 00 00 00 00 00 00 00 00 00 00 00 00 00 00 00 00 00 0D A2 A7 00 00 00 03 FF 00 64 00 00 00 00 00 00 00 00 00 00 00 00 00 00 00 00 00 00 00 00 00 00 00 00 00 00 00 00 00 00 0D A2 A7 00 00
[K530_BT] WINDOW32: 00 00 00 00 00 00 00 00 00 00 0D 00 00 00 00 00 00 00 00 00 00 00 00 00 00 00 00 00 00 00 00 0D
[K530_BT] SPI0 IRQ count = 13920 (╤А╨░╤Б╤В╤С╤В тАФ ╨┐╨╡╤А╨╕╤Д╨╡╤А╨╕╤П ╨▓╨╕╨┤╨╕╤В ╨║╨╗╨╛╨║╨╕ ╨╛╤В BT-╨╝╨╛╨┤╤Г╨╗╤П)
[K530_BT] BT toggle = ON, host_slot = 3
[K530_BT] RAW stream (64 bytes, no framing): 00 00 00 00 00 00 00 00 00 00 00 00 00 00 0D A2 A7 00 00 00 03 FF 00 64 00 00 00 00 00 00 00 00 00 00 00 00 00 00 00 00 00 00 00 00 00 00 00 00 00 00 00 00 00 00 0D A2 A7 00 00 00 03 FF 00 64
[K530_BT] WINDOW32: 00 00 00 00 00 00 00 00 00 00 0D 00 00 00 00 00 00 00 00 00 00 00 00 00 00 00 00 00 00 00 00 0D
[K530_BT] TX keyboard frame (21 bytes): A1 02 08 00 00 16 00 00 00 00 00 00 00 00 00 00 00 00 00 00 C1
[K530_BT] WINDOW32: 00 00 03 FF 00 64 03 FF 00 64 00 00 00 00 00 00 00 00 00 00 00 00 00 00 00 00 00 03 FF 00 64 00
[K530_BT] WINDOW32: 00 00 00 00 00 00 00 00 00 00 0D 00 00 00 00 00 00 00 00 00 00 00 00 00 00 00 00 00 00 00 00 0D
[K530_BT] TX keyboard frame (21 bytes): A1 02 08 00 00 00 00 00 00 00 00 00 00 00 00 00 00 00 00 00 AB
[K530_BT] WINDOW32: 00 00 00 00 00 0D A2 A7 00 00 00 03 FF 00 64 00 00 00 00 00 00 00 00 00 00 00 0D A2 A7 00 00 00
[K530_BT] TASK A7..0C len=25: A7 00 00 00 03 FF 00 64 00 00 00 00 00 00 00 00 00 00 00 0D A2 A7 00 00 00
[K530_BT] RAW stream (64 bytes, no framing): 00 00 00 00 00 00 00 00 00 00 00 00 0D A2 A7 00 00 00 03 FF 00 64 00 00 00 00 00 00 00 00 00 00 00 00 00 00 00 00 00 00 00 00 00 00 00 00 00 00 00 00 00 00 0D A2 A7 00 00 00 03 FF 00 64 00 00
[K530_BT] WINDOW32: 00 00 00 00 00 00 00 00 00 00 0D 00 00 00 00 00 00 00 00 00 00 00 00 00 00 00 00 00 00 00 00 0D
[K530_BT] WINDOW32: 00 00 00 00 00 00 00 00 00 00 00 00 FF 00 64 00 00 00 00 00 00 00 00 00 00 00 00 00 00 00 00 00
[K530_BT] WINDOW32: 00 00 00 00 00 00 00 00 00 00 0D 00 00 00 00 00 00 00 00 00 00 00 00 00 00 00 00 00 00 00 00 0D
[K530_BT] SPI0 IRQ count = 14080 (╤А╨░╤Б╤В╤С╤В тАФ ╨┐╨╡╤А╨╕╤Д╨╡╤А╨╕╤П ╨▓╨╕╨┤╨╕╤В ╨║╨╗╨╛╨║╨╕ ╨╛╤В BT-╨╝╨╛╨┤╤Г╨╗╤П)
[K530_BT] BT toggle = ON, host_slot = 3
[K530_BT] WINDOW32: 64 00 00 00 00 00 00 00 00 00 00 00 00 00 00 A2 A7 00 00 00 03 FF 00 64 00 00 00 00 00 00 00 00
[K530_BT] TASK A7..0C len=16: A7 00 00 00 03 FF 00 64 00 00 00 00 00 00 00 00
[K530_BT] RAW stream (64 bytes, no framing): A2 A7 00 00 00 03 FF 00 64 00 00 00 00 00 00 00 00 00 00 00 00 00 00 00 00 00 00 00 00 00 00 00 00 00 00 00 00 00 00 0D A2 A7 00 00 00 03 FF 00 64 00 00 00 00 00 00 00 00 00 00 00 00 00 00 00
[K530_BT] WINDOW32: 00 00 00 00 00 00 0D 00 00 00 0D 00 00 00 00 00 00 00 00 00 00 00 00 00 00 00 00 00 00 00 00 0D
[K530_BT] WINDOW32: 00 00 00 00 00 00 0D 00 00 00 0D 00 00 00 00 00 00 00 00 00 00 00 00 00 00 00 00 00 00 00 00 0D
[K530_BT] SPI0 IRQ count = 14240 (╤А╨░╤Б╤В╤С╤В тАФ ╨┐╨╡╤А╨╕╤Д╨╡╤А╨╕╤П ╨▓╨╕╨┤╨╕╤В ╨║╨╗╨╛╨║╨╕ ╨╛╤В BT-╨╝╨╛╨┤╤Г╨╗╤П)
[K530_BT] BT toggle = ON, host_slot = 3
[K530_BT] RAW stream (64 bytes, no framing): A2 A7 00 00 00 03 FF 00 64 00 00 00 00 00 00 00 00 00 00 00 00 00 00 00 00 00 00 00 00 00 00 00 00 00 00 00 00 00 00 0D A2 A7 00 00 00 03 FF 00 64 00 00 00 00 00 00 00 00 00 00 00 00 00 00 00
[K530_BT] WINDOW32: 00 00 00 00 00 00 0D 00 00 00 00 00 00 00 00 00 00 00 00 00 00 00 00 00 00 00 00 00 00 00 00 0D
[K530_BT] WINDOW32: 00 03 FF 00 64 00 00 00 00 00 00 00 00 00 00 00 00 00 00 00 00 00 00 00 00 64 00 00 00 00 00 00
[K530_BT] WINDOW32: 00 00 00 00 00 00 00 00 00 00 0D 00 00 00 00 00 00 00 00 00 00 00 00 00 00 00 00 00 00 00 00 0D
[K530_BT] SPI0 IRQ count = 14320 (╤А╨░╤Б╤В╤С╤В тАФ ╨┐╨╡╤А╨╕╤Д╨╡╤А╨╕╤П ╨▓╨╕╨┤╨╕╤В ╨║╨╗╨╛╨║╨╕ ╨╛╤В BT-╨╝╨╛╨┤╤Г╨╗╤П)
[K530_BT] BT toggle = ON, host_slot = 3
[K530_BT] RAW stream (64 bytes, no framing): 00 00 00 00 00 00 00 00 00 00 00 0D A2 A7 00 00 00 03 FF 00 64 00 00 00 00 00 00 00 00 00 00 00 00 00 00 00 00 00 00 00 00 00 00 00 00 00 00 00 00 00 00 0D A2 A7 00 00 00 03 FF 00 64 00 00 00
[K530_BT] WINDOW32: 00 00 00 00 00 00 00 00 00 00 0D 00 00 00 00 00 00 00 00 00 00 00 00 00 00 00 00 00 00 00 00 0D
[K530_BT] RAW stream (64 bytes, no framing): 00 00 00 00 00 00 00 00 00 00 0D A2 A7 00 00 00 03 FF 00 64 00 00 00 00 00 00 00 00 00 00 00 00 00 00 00 00 00 00 00 00 00 00 00 00 00 00 00 00 00 00 0D A2 A7 00 00 00 03 FF 00 64 00 00 00 00
[K530_BT] WINDOW32: 00 00 00 00 00 0D A2 A7 00 00 00 03 00 00 00 00 00 00 00 00 00 00 00 00 00 00 0D A2 A7 00 00 00
[K530_BT] TASK A7..0C len=25: A7 00 00 00 03 00 00 00 00 00 00 00 00 00 00 00 00 00 00 0D A2 A7 00 00 00
[K530_BT] WINDOW32: 00 00 00 00 00 00 00 00 00 00 0D 00 00 00 00 00 00 00 00 00 00 00 00 00 00 00 00 00 00 00 00 0D
[K530_BT] SPI0 IRQ count = 14480 (╤А╨░╤Б╤В╤С╤В тАФ ╨┐╨╡╤А╨╕╤Д╨╡╤А╨╕╤П ╨▓╨╕╨┤╨╕╤В ╨║╨╗╨╛╨║╨╕ ╨╛╤В BT-╨╝╨╛╨┤╤Г╨╗╤П)
[K530_BT] BT toggle = ON, host_slot = 3
[K530_BT] WINDOW32: 64 00 00 00 00 00 00 00 00 00 00 00 00 00 0D 00 00 00 00 00 00 00 00 00 00 00 00 00 00 00 00 00
[K530_BT] RAW stream (64 bytes, no framing): A2 A7 00 00 00 03 FF 00 64 00 00 00 00 00 00 00 00 00 00 00 00 00 00 00 00 00 00 00 00 00 00 00 00 00 00 00 00 00 00 0D A2 A7 00 00 00 03 FF 00 64 00 00 00 00 00 00 00 00 00 00 00 00 00 00 00
[K530_BT] WINDOW32: 00 00 00 00 00 00 00 00 00 00 0D 00 00 00 00 00 00 00 00 00 00 00 00 00 00 00 00 00 00 00 00 0D
[K530_BT] WINDOW32: 00 00 00 00 00 00 00 00 00 00 00 00 FF 00 64 00 00 00 00 00 00 00 00 00 00 00 00 00 00 00 00 00
[K530_BT] WINDOW32: 00 00 00 00 00 00 00 00 00 00 0D 00 00 00 00 00 00 00 00 00 00 00 00 00 00 00 00 00 00 00 00 0D
[K530_BT] SPI0 IRQ count = 14560 (╤А╨░╤Б╤В╤С╤В тАФ ╨┐╨╡╤А╨╕╤Д╨╡╤А╨╕╤П ╨▓╨╕╨┤╨╕╤В ╨║╨╗╨╛╨║╨╕ ╨╛╤В BT-╨╝╨╛╨┤╤Г╨╗╤П)
[K530_BT] BT toggle = ON, host_slot = 3
[K530_BT] WINDOW32: 00 00 00 0D A2 A7 00 00 00 03 FF 00 00 00 00 00 00 00 00 00 00 00 00 00 0D A2 A7 00 00 00 03 FF
[K530_BT] TASK A7..0C len=27: A7 00 00 00 03 FF 00 00 00 00 00 00 00 00 00 00 00 00 00 0D A2 A7 00 00 00 03 FF
[K530_BT] RAW stream (64 bytes, no framing): A2 A7 00 00 00 03 FF 00 64 00 00 00 00 00 00 00 00 00 00 00 00 00 00 00 00 00 00 00 00 00 00 00 00 00 00 00 00 00 00 0D A2 A7 00 00 00 03 FF 00 64 00 00 00 00 00 00 00 00 00 00 00 00 00 00 00
[K530_BT] WINDOW32: 00 00 00 00 00 00 0D 00 00 00 0D 00 00 00 00 00 00 00 00 00 00 00 00 00 00 00 00 00 00 00 00 0D
[K530_BT] WINDOW32: 00 00 00 00 00 00 00 00 00 00 00 00 00 00 00 00 00 00 00 00 00 00 0D 00 00 00 00 00 00 00 00 00
[K530_BT] WINDOW32: 00 00 00 00 00 00 00 00 00 00 0D 00 00 00 00 00 00 00 00 00 00 00 00 00 00 00 00 00 00 00 00 0D
[K530_BT] SPI0 IRQ count = 14720 (╤А╨░╤Б╤В╤С╤В тАФ ╨┐╨╡╤А╨╕╤Д╨╡╤А╨╕╤П ╨▓╨╕╨┤╨╕╤В ╨║╨╗╨╛╨║╨╕ ╨╛╤В BT-╨╝╨╛╨┤╤Г╨╗╤П)
[K530_BT] BT toggle = ON, host_slot = 3
[K530_BT] WINDOW32: 00 0D A2 A7 00 00 00 A7 00 00 00 03 FF 00 64 00 00 00 00 00 00 00 00 00 00 00 0D A2 A7 00 00 00
[K530_BT] TASK A7..0C len=29: A7 00 00 00 A7 00 00 00 03 FF 00 64 00 00 00 00 00 00 00 00 00 00 00 0D A2 A7 00 00 00
[K530_BT] RAW stream (64 bytes, no framing): A2 A7 00 00 00 03 FF 00 64 00 00 00 00 00 00 00 00 00 00 00 00 00 00 00 00 00 00 00 00 00 00 00 00 00 00 00 00 00 00 0D A2 A7 00 00 00 03 FF 00 64 00 00 00 00 00 00 00 00 00 00 00 00 00 00 00
[K530_BT] WINDOW32: 00 00 00 00 00 00 00 00 00 00 0D 00 00 00 00 00 00 00 00 00 00 00 00 00 00 00 00 00 00 00 00 0D
[K530_BT] WINDOW32: 00 00 00 00 00 00 00 00 00 00 00 00 00 00 00 00 00 00 00 00 00 00 0D 00 00 00 00 00 00 00 00 00
[K530_BT] WINDOW32: 00 00 00 00 00 00 00 00 00 00 0D 00 00 00 00 00 00 00 00 00 00 00 00 00 00 00 00 00 00 00 00 0D
[K530_BT] SPI0 IRQ count = 14800 (╤А╨░╤Б╤В╤С╤В тАФ ╨┐╨╡╤А╨╕╤Д╨╡╤А╨╕╤П ╨▓╨╕╨┤╨╕╤В ╨║╨╗╨╛╨║╨╕ ╨╛╤В BT-╨╝╨╛╨┤╤Г╨╗╤П)
[K530_BT] BT toggle = ON, host_slot = 3
[K530_BT] WINDOW32: 0D A2 A7 00 00 00 03 FF 00 64 03 FF 00 64 00 00 00 00 00 00 00 00 00 00 00 00 00 00 00 00 00 03
[K530_BT] TASK A7..0C len=30: A7 00 00 00 03 FF 00 64 03 FF 00 64 00 00 00 00 00 00 00 00 00 00 00 00 00 00 00 00 00 03
[K530_BT] RAW stream (64 bytes, no framing): A2 A7 00 00 00 03 FF 00 64 00 00 00 00 00 00 00 00 00 00 00 00 00 00 00 00 00 00 00 00 00 00 00 00 00 00 00 00 00 00 0D A2 A7 00 00 00 03 FF 00 64 00 00 00 00 00 00 00 00 00 00 00 00 00 00 00
[K530_BT] WINDOW32: 00 00 00 00 00 00 00 00 00 00 0D 00 00 00 00 00 00 00 00 00 00 00 00 00 00 00 00 00 00 00 00 0D
[K530_BT] WINDOW32: 00 00 00 00 00 0D A2 A7 00 00 00 03 00 00 00 00 00 00 00 00 00 00 00 00 00 00 0D A2 A7 00 00 00
[K530_BT] TASK A7..0C len=25: A7 00 00 00 03 00 00 00 00 00 00 00 00 00 00 00 00 00 00 0D A2 A7 00 00 00
[K530_BT] RAW stream (64 bytes, no framing): A2 A7 00 00 00 03 FF 00 64 00 00 00 00 00 00 00 00 00 00 00 00 00 00 00 00 00 00 00 00 00 00 00 00 00 00 00 00 00 00 0D A2 A7 00 00 00 03 FF 00 64 00 00 00 00 00 00 00 00 00 00 00 00 00 00 00
[K530_BT] WINDOW32: 00 00 00 00 00 00 00 00 00 00 0D 00 00 00 00 00 00 00 00 00 00 00 00 00 00 00 00 00 00 00 00 0D
[K530_BT] SPI0 IRQ count = 14960 (╤А╨░╤Б╤В╤С╤В тАФ ╨┐╨╡╤А╨╕╤Д╨╡╤А╨╕╤П ╨▓╨╕╨┤╨╕╤В ╨║╨╗╨╛╨║╨╕ ╨╛╤В BT-╨╝╨╛╨┤╤Г╨╗╤П)
[K530_BT] BT toggle = ON, host_slot = 3
[K530_BT] WINDOW32: 00 00 00 00 00 00 00 00 00 00 00 00 00 64 00 00 00 00 00 00 00 00 00 00 00 00 00 00 00 00 00 00
[K530_BT] WINDOW32: 00 00 00 00 00 00 00 00 00 00 0D 00 00 00 00 00 00 00 00 00 00 00 00 00 00 00 00 00 00 00 00 0D
[K530_BT] WINDOW32: 64 00 00 00 00 00 00 00 00 00 0D 00 00 00 0D 00 00 00 00 00 00 00 00 00 00 00 00 00 00 00 00 00
[K530_BT] RAW stream (64 bytes, no framing): A2 A7 00 00 00 03 FF 00 64 00 00 00 00 00 00 00 00 00 00 00 00 00 00 00 00 00 00 00 00 00 00 00 00 00 00 00 00 00 00 0D A2 A7 00 00 00 03 FF 00 64 00 00 00 00 00 00 00 00 00 00 00 00 00 00 00
[K530_BT] WINDOW32: 00 00 00 00 00 00 0D 00 00 00 0D 00 00 00 00 00 00 00 00 00 00 00 00 00 00 00 00 00 00 00 00 0D
[K530_BT] SPI0 IRQ count = 15040 (╤А╨░╤Б╤В╤С╤В тАФ ╨┐╨╡╤А╨╕╤Д╨╡╤А╨╕╤П ╨▓╨╕╨┤╨╕╤В ╨║╨╗╨╛╨║╨╕ ╨╛╤В BT-╨╝╨╛╨┤╤Г╨╗╤П)
[K530_BT] BT toggle = ON, host_slot = 3
[K530_BT] WINDOW32: 00 00 00 00 00 00 00 00 00 00 00 00 00 00 00 00 00 00 00 00 00 0D 00 00 00 00 00 00 00 00 00 00
[K530_BT] WINDOW32: 00 00 00 00 00 00 0D 00 00 00 0D 00 00 00 00 00 00 00 00 00 00 00 00 00 00 00 00 00 00 00 00 0D
[K530_BT] RAW stream (64 bytes, no framing): A2 A7 00 00 00 03 FF 00 64 00 00 00 00 00 00 00 00 00 00 00 00 00 00 00 00 00 00 00 00 00 00 00 00 00 00 00 00 00 00 0D A2 A7 00 00 00 03 FF 00 64 00 00 00 00 00 00 00 00 00 00 00 00 00 00 00
[K530_BT] WINDOW32: 00 00 00 00 00 00 00 00 00 00 0D 00 00 00 00 00 00 00 00 00 00 00 00 00 00 00 00 00 00 00 00 0D
[K530_BT] RAW stream (64 bytes, no framing): 00 00 00 00 00 00 00 00 00 00 0D A2 A7 00 00 00 03 FF 00 64 00 00 00 00 00 00 00 00 00 00 00 00 00 00 00 00 00 00 00 00 00 00 00 00 00 00 00 00 00 00 0D A2 A7 00 00 00 03 FF 00 64 00 00 00 00
[K530_BT] SPI0 IRQ count = 15200 (╤А╨░╤Б╤В╤С╤В тАФ ╨┐╨╡╤А╨╕╤Д╨╡╤А╨╕╤П ╨▓╨╕╨┤╨╕╤В ╨║╨╗╨╛╨║╨╕ ╨╛╤В BT-╨╝╨╛╨┤╤Г╨╗╤П)
[K530_BT] BT toggle = ON, host_slot = 3
[K530_BT] WINDOW32: 00 00 00 00 00 00 00 00 00 00 00 00 00 00 00 00 00 00 00 00 00 00 00 00 0D 00 00 00 00 00 00 00
[K530_BT] WINDOW32: 00 00 00 00 00 00 00 00 00 00 0D 00 00 00 00 00 00 00 00 00 00 00 00 00 00 00 00 00 00 00 00 0D
[K530_BT] RAW stream (64 bytes, no framing): A2 A7 00 00 00 03 FF 00 64 00 00 00 00 00 00 00 00 00 00 00 00 00 00 00 00 00 00 00 00 00 00 00 00 00 00 00 00 00 00 0D A2 A7 00 00 00 03 FF 00 64 00 00 00 00 00 00 00 00 00 00 00 00 00 00 00
[K530_BT] WINDOW32: 00 00 00 00 00 00 00 00 00 00 0D 00 00 00 00 00 00 00 00 00 00 00 00 00 00 00 00 00 00 00 00 0D
[K530_BT] SPI0 IRQ count = 15280 (╤А╨░╤Б╤В╤С╤В тАФ ╨┐╨╡╤А╨╕╤Д╨╡╤А╨╕╤П ╨▓╨╕╨┤╨╕╤В ╨║╨╗╨╛╨║╨╕ ╨╛╤В BT-╨╝╨╛╨┤╤Г╨╗╤П)
[K530_BT] BT toggle = ON, host_slot = 3
[K530_BT] WINDOW32: 00 00 00 00 00 00 00 00 00 00 00 00 00 00 00 00 00 00 00 00 00 0D 00 00 00 00 00 00 00 00 00 00
[K530_BT] WINDOW32: 00 00 00 00 00 00 00 00 00 00 0D 00 00 00 00 00 00 00 00 00 00 00 00 00 00 00 00 00 00 00 00 0D
[K530_BT] RAW stream (64 bytes, no framing): 00 00 00 00 00 00 00 00 00 00 00 0D A2 A7 00 00 00 03 FF 00 64 00 00 00 00 00 00 00 00 00 00 00 00 00 00 00 00 00 00 00 00 00 00 00 00 00 00 00 00 00 00 0D A2 A7 00 00 00 03 FF 00 64 00 00 00
[K530_BT] WINDOW32: 00 00 00 00 00 00 00 00 00 00 0D 00 00 00 00 00 00 00 00 00 00 00 00 00 00 00 00 00 00 00 00 0D
[K530_BT] SPI0 IRQ count = 15360 (╤А╨░╤Б╤В╤С╤В тАФ ╨┐╨╡╤А╨╕╤Д╨╡╤А╨╕╤П ╨▓╨╕╨┤╨╕╤В ╨║╨╗╨╛╨║╨╕ ╨╛╤В BT-╨╝╨╛╨┤╤Г╨╗╤П)
[K530_BT] BT toggle = ON, host_slot = 3
[K530_BT] WINDOW32: 00 00 00 00 00 00 00 0D A2 A7 00 00 00 00 00 00 00 00 00 00 00 00 00 00 00 00 00 00 0D A2 A7 00
[K530_BT] TASK A7..0C len=23: A7 00 00 00 00 00 00 00 00 00 00 00 00 00 00 00 00 00 00 0D A2 A7 00
[K530_BT] RAW stream (64 bytes, no framing): 00 00 00 00 00 00 00 00 00 00 00 00 00 00 00 00 00 00 00 00 00 00 0D A2 A7 00 00 00 03 FF 00 64 00 00 00 00 00 00 00 00 00 00 00 00 00 00 00 00 00 00 00 00 00 00 00 00 00 00 00 00 00 00 0D A2
[K530_BT] WINDOW32: 00 00 00 00 00 00 0D 00 00 00 0D 00 00 00 00 00 00 00 00 00 00 00 00 00 00 00 00 00 00 00 00 0D
[K530_BT] WINDOW32: 00 00 03 FF 00 64 00 00 00 00 00 00 00 00 00 00 00 00 00 00 00 00 00 03 FF 00 64 00 00 00 00 00
[K530_BT] WINDOW32: 00 00 00 00 00 00 0D 00 00 00 0D 00 00 00 00 00 00 00 00 00 00 00 00 00 00 00 00 00 00 00 00 0D
[K530_BT] SPI0 IRQ count = 15520 (╤А╨░╤Б╤В╤С╤В тАФ ╨┐╨╡╤А╨╕╤Д╨╡╤А╨╕╤П ╨▓╨╕╨┤╨╕╤В ╨║╨╗╨╛╨║╨╕ ╨╛╤В BT-╨╝╨╛╨┤╤Г╨╗╤П)
[K530_BT] BT toggle = ON, host_slot = 3
[K530_BT] RAW stream (64 bytes, no framing): A2 A7 00 00 00 03 FF 00 64 00 00 00 00 00 00 00 00 00 00 00 00 00 00 00 00 00 00 00 00 00 00 00 00 00 00 00 00 00 00 0D A2 A7 00 00 00 03 FF 00 64 00 00 00 00 00 00 00 00 00 00 00 00 00 00 00
[K530_BT] WINDOW32: 00 00 00 00 00 00 00 00 00 00 0D 00 00 00 00 00 00 00 00 00 00 00 00 00 00 00 00 00 00 00 00 0D
[K530_BT] WINDOW32: 00 00 00 00 00 00 00 00 00 00 00 00 00 00 00 00 00 00 00 00 00 00 0D 00 00 00 00 00 00 00 00 00
[K530_BT] WINDOW32: 00 00 00 00 00 00 00 00 00 00 0D 00 00 00 00 00 00 00 00 00 00 00 00 00 00 00 00 00 00 00 00 0D
[K530_BT] SPI0 IRQ count = 15600 (╤А╨░╤Б╤В╤С╤В тАФ ╨┐╨╡╤А╨╕╤Д╨╡╤А╨╕╤П ╨▓╨╕╨┤╨╕╤В ╨║╨╗╨╛╨║╨╕ ╨╛╤В BT-╨╝╨╛╨┤╤Г╨╗╤П)
[K530_BT] BT toggle = ON, host_slot = 3
[K530_BT] RAW stream (64 bytes, no framing): A2 A7 00 00 00 03 FF 00 64 00 00 00 00 00 00 00 00 00 00 00 00 00 00 00 00 00 00 00 00 00 00 00 00 00 00 00 00 00 00 0D A2 A7 00 00 00 03 FF 00 64 00 00 00 00 00 00 00 00 00 00 00 00 00 00 00
[K530_BT] WINDOW32: 00 00 00 00 00 00 00 00 00 00 0D 00 00 00 00 00 00 00 00 00 00 00 00 00 00 00 00 00 00 00 00 0D
[K530_BT] RAW stream (64 bytes, no framing): 00 00 00 00 00 00 00 00 00 00 0D A2 A7 00 00 00 03 FF 00 64 00 00 00 00 00 00 00 00 00 00 00 00 00 00 00 00 00 00 00 00 00 00 00 00 00 00 00 00 00 00 0D A2 A7 00 00 00 03 FF 00 64 00 00 00 00
[K530_BT] WINDOW32: 00 00 00 00 00 00 00 00 00 00 00 00 0D 00 00 00 00 00 00 00 00 00 00 00 00 00 00 00 00 00 00 00
[K530_BT] WINDOW32: 00 00 00 00 00 00 00 00 00 00 0D 00 00 00 00 00 00 00 00 00 00 00 00 00 00 00 00 00 00 00 00 0D
[K530_BT] BT toggle -> OFF, SPI0 disabled
[K530_BT] SPI0 IRQ count = 15760 (╤А╨░╤Б╤В╤С╤В тАФ ╨┐╨╡╤А╨╕╤Д╨╡╤А╨╕╤П ╨▓╨╕╨┤╨╕╤В ╨║╨╗╨╛╨║╨╕ ╨╛╤В BT-╨╝╨╛╨┤╤Г╨╗╤П)
[K530_BT] BT toggle = OFF, host_slot = 3
[K530_BT] SPI0 IRQ count = 15760 (╨Э╨Х ╨а╨Р╨б╨в╨Б╨в тАФ ╨┐╤А╨╛╨▓╨╡╤А╤М╤В╨╡ ╨┐╨╕╨╜╤Л/NVIC/╤В╨░╨║╤В╨╕╤А╨╛╨▓╨░╨╜╨╕╨╡, ╤Б╨╝. ╤А╨░╨╖╨┤╨╡╨╗ 5╨С)